Here are the results for Channel 1 (nasal): time - pitch(Hz) - Amplitude(dB) - RMSqIntensity(Pa)
0.01 --undefined-- --undefined-- --undefined--
0.02 --undefined-- --undefined-- --undefined--
0.03 --undefined-- --undefined-- --undefined--
0.04 --undefined-- --undefined-- --undefined--
0.05 --undefined-- 39.398 0.001866125409445149
0.06 --undefined-- 38.752 0.001732240675209501
0.07 --undefined-- 38.811 0.0017441415763885877
0.08 --undefined-- 38.897 0.001761465371601207
0.09 --undefined-- 39.266 0.0018378320232307055
0.10 --undefined-- 39.159 0.0018154142017199222
0.11 --undefined-- 38.251 0.0016352478829242771
0.12 --undefined-- 38.069 0.0016012905151191839
0.13 --undefined-- 38.685 0.001718967424466813
0.14 --undefined-- 39.127 0.001808722495638437
0.15 --undefined-- 38.346 0.0016532281367401395
0.16 --undefined-- 37.417 0.0014855053176277932
0.17 --undefined-- 37.469 0.0014943745471700173
0.18 --undefined-- 37.099 0.0014320510460330512
0.19 --undefined-- 36.666 0.0013624395175427845
0.20 --undefined-- 37.681 0.0015314244238079273
0.21 --undefined-- 39.126 0.0018085981940147637
0.22 --undefined-- 40.235 0.0020549364674768305
0.23 --undefined-- 41.860 0.0024776662025304797
0.24 --undefined-- 42.698 0.0027284546663041507
0.25 --undefined-- 41.494 0.0023754264444408556
0.26 --undefined-- 39.096 0.0018023604511012224
0.27 --undefined-- 40.855 0.0022069331769758145
0.28 --undefined-- 53.762 0.009753116831794318
0.29 --undefined-- 63.594 0.030248589536126427
0.30 --undefined-- 68.879 0.05558751930832032
0.31 --undefined-- 72.064 0.08021261243218476
0.32 210.149 74.668 0.1082462075097404
0.33 209.266 76.015 0.1264154342425739
0.34 208.331 77.137 0.14383846298047942
0.35 205.853 78.523 0.16872462563986307
0.36 203.367 80.418 0.20985524841982284
0.37 203.342 83.171 0.2881221107437727
0.38 199.462 85.089 0.35931623637888127
0.39 196.749 85.653 0.3834154673584359
0.40 193.704 85.012 0.3561438444748789
0.41 189.997 82.906 0.27945692497239455
0.42 185.991 78.730 0.172801339905021
0.43 --undefined-- 71.620 0.07621083536586823
0.44 --undefined-- 60.716 0.02171843897536402
0.45 --undefined-- 47.203 0.00458331521647644
0.46 --undefined-- 44.409 0.003322461339792601
0.47 --undefined-- 51.721 0.007710363058347734
0.48 --undefined-- 57.029 0.014206536589678265
0.49 --undefined-- 60.995 0.02242750550119176
0.50 --undefined-- 70.859 0.06982365633354218
0.51 243.136 79.244 0.18332244281564494
0.52 233.072 83.288 0.29203791108564886
0.53 224.546 83.266 0.29128223013377397
0.54 213.471 79.186 0.18211827172560313
0.55 --undefined-- 70.699 0.06854572587698296
0.56 --undefined-- 58.085 0.01604214739463918
0.57 --undefined-- 47.881 0.0049554069674798565
0.58 --undefined-- 43.693 0.0030597263179313956
0.59 --undefined-- 40.722 0.0021732443986214284
0.60 --undefined-- 38.952 0.0017727174264615194
0.61 --undefined-- 41.723 0.002438819780911858
0.62 --undefined-- 50.903 0.0070173756813848515
0.63 --undefined-- 56.604 0.01352760511533248
0.64 --undefined-- 58.707 0.01723289659428014
0.65 --undefined-- 66.647 0.04299081789030082
0.66 261.307 75.179 0.11480879099264789
0.67 249.368 79.871 0.1970473657218471
0.68 240.932 81.248 0.23090023614581265
0.69 235.528 79.894 0.1975706620041203
0.70 231.243 76.313 0.13082432000355082
0.71 228.802 70.981 0.0708086426781097
0.72 218.963 64.529 0.03368786539532148
0.73 --undefined-- 57.972 0.015834580589782946
0.74 --undefined-- 54.171 0.010223410536595314
0.75 --undefined-- 52.223 0.008168860088024959
0.76 --undefined-- 50.348 0.006583330734903591
0.77 --undefined-- 48.541 0.005346673723241782
0.78 --undefined-- 47.425 0.0047019727844123
0.79 --undefined-- 46.130 0.004050602347773603
0.80 --undefined-- 42.788 0.0027569423042745084
0.81 --undefined-- 38.252 0.0016353926463413696
0.82 --undefined-- 36.745 0.0013749107736211904
0.83 --undefined-- 37.197 0.0014482888925722189
0.84 --undefined-- 37.492 0.0014984527619522035
0.85 --undefined-- 37.674 0.0015301099360443382
0.86 --undefined-- 38.280 0.0016407052657864568
0.87 --undefined-- 41.477 0.0023707468121785037
0.88 --undefined-- 49.675 0.006092099211552175
0.89 --undefined-- 58.291 0.016427656054292625
0.90 --undefined-- 67.772 0.04893400697458619
0.91 --undefined-- 74.318 0.1039763408622297
0.92 --undefined-- 77.299 0.14654315644445845
0.93 147.718 77.224 0.1452852900502876
0.94 143.530 74.868 0.11076794748312507
0.95 137.575 70.915 0.07026966598840803
0.96 131.421 65.125 0.0360810397336115
0.97 --undefined-- 56.565 0.013466875588263955
0.98 --undefined-- 45.016 0.0035630767041607194
0.99 --undefined-- 38.338 0.001651625203170522
1.00 --undefined-- 38.444 0.0016719760239288408
1.01 --undefined-- 38.630 0.0017081246167328077
1.02 --undefined-- 38.619 0.0017060442327147
1.03 --undefined-- 44.388 0.0033147192705509595
1.04 --undefined-- 52.978 0.008910596345319826
1.05 --undefined-- 57.865 0.015642060417367973
1.06 --undefined-- 60.447 0.02105606963275567
1.07 --undefined-- 65.862 0.039275522402976736
1.08 --undefined-- 70.912 0.07024788200001811
1.09 --undefined-- 73.535 0.09500766135610193
1.10 --undefined-- 74.250 0.10316674111595207
1.11 --undefined-- 73.128 0.09066756774757395
1.12 --undefined-- 69.452 0.059381632807214334
1.13 --undefined-- 62.336 0.026170407074650827
1.14 --undefined-- 51.465 0.0074869065759948245
1.15 --undefined-- 43.028 0.002834265464241065
1.16 --undefined-- 44.759 0.00345915637105331
1.17 --undefined-- 53.646 0.009623323252005085
1.18 --undefined-- 60.694 0.021663371566874527
1.19 --undefined-- 66.932 0.04442481477547571
1.20 --undefined-- 72.157 0.08107165767529502
1.21 --undefined-- 75.212 0.11524307397189762
1.22 --undefined-- 76.434 0.13265037146590272
1.23 --undefined-- 76.470 0.13320077842364317
1.24 --undefined-- 75.667 0.12144019729670569
1.25 --undefined-- 74.803 0.10994282534370753
1.26 --undefined-- 74.396 0.10491182448772395
1.27 --undefined-- 74.249 0.10315723834451966
1.28 126.133 74.085 0.10122444835230394
1.29 136.631 74.128 0.10172619668056014
1.30 123.078 73.926 0.09938231068087153
1.31 128.379 72.873 0.08803978862136717
1.32 127.121 71.049 0.07136635101232011
1.33 126.332 68.321 0.05212747151316205
1.34 122.063 64.841 0.03492083934709064
1.35 --undefined-- 60.471 0.02111429360939332
1.36 --undefined-- 54.599 0.010739626486680764
1.37 --undefined-- 48.935 0.005594741419630472
1.38 --undefined-- 46.940 0.004446821792784401
1.39 --undefined-- 46.148 0.004058902444412987
1.40 --undefined-- 44.067 0.003194405710633154
1.41 --undefined-- 41.884 0.002484389591251875
1.42 --undefined-- 42.686 0.002724798195012214
1.43 --undefined-- 44.034 0.00318229997178064
1.44 --undefined-- 44.761 0.003459848239487608
1.45 --undefined-- 46.540 0.0042466100537973395
1.46 --undefined-- 49.768 0.006157595838667791
1.47 --undefined-- 53.932 0.009945549228287555
1.48 --undefined-- 58.981 0.017785435572557694
1.49 --undefined-- 62.216 0.02581201091609503
1.50 --undefined-- 61.799 0.024602826596103158
1.51 --undefined-- 57.851 0.015616267782095971
1.52 --undefined-- 52.997 0.00893084200581189
1.53 --undefined-- 49.643 0.006070173381092198
1.54 --undefined-- 47.350 0.004661582160861807
1.55 --undefined-- 46.663 0.004307025896603053
1.56 --undefined-- 45.246 0.003658709350657958
1.57 --undefined-- 42.534 0.002677524175276235
1.58 --undefined-- 40.163 0.002037978327978564
1.59 --undefined-- 39.698 0.0019316125208441001
1.60 --undefined-- 39.572 0.0019038610398204754
1.61 --undefined-- 38.795 0.001741010007891704
1.62 --undefined-- 38.145 0.0016153998252101053
1.63 --undefined-- 38.529 0.0016884225853532981
1.64 --undefined-- 39.014 0.0017854739455547017
1.65 --undefined-- 38.823 0.0017465727084023793
1.66 --undefined-- 38.327 0.001649661353399139
1.67 --undefined-- 38.063 0.0016001433231267429
1.68 --undefined-- 37.801 0.001552720037929179
1.69 --undefined-- 38.538 0.0016901389672773542
1.70 --undefined-- 49.001 0.005637177181229611
1.71 --undefined-- 59.105 0.01804256312548163
1.72 --undefined-- 69.086 0.05692593583504177
1.73 --undefined-- 77.941 0.15778910821536138
1.74 164.607 83.051 0.28418382977757006
1.75 167.949 84.772 0.34644590307423434
1.76 167.085 83.526 0.3001494982230401
1.77 157.618 79.460 0.18795131496423784
1.78 147.042 72.501 0.08435149130639309
1.79 --undefined-- 62.169 0.025674465174224198
1.80 --undefined-- 48.586 0.005374272396414541
1.81 --undefined-- 41.322 0.002328789381181252
1.82 --undefined-- 43.648 0.003043971217153526
1.83 --undefined-- 52.035 0.007993846136057537
1.84 --undefined-- 58.589 0.017000874501713517
1.85 --undefined-- 60.996 0.022430288832048267
1.86 --undefined-- 60.336 0.02078795464141543
1.87 --undefined-- 61.546 0.02389710854854692
1.88 --undefined-- 69.006 0.05640701937937721
1.89 --undefined-- 75.976 0.1258395370682595
1.90 151.783 80.041 0.20095313748263657
1.91 153.155 81.650 0.24184589899222986
1.92 149.854 81.121 0.22754639078206024
1.93 145.153 78.528 0.16881859088711587
1.94 138.401 73.772 0.0976406108669641
1.95 --undefined-- 66.964 0.04458849172460212
1.96 --undefined-- 60.301 0.020704225386945527
1.97 --undefined-- 55.293 0.011632742736808957
1.98 --undefined-- 51.792 0.007773524713631477
1.99 --undefined-- 50.374 0.006603089763338856
2.00 --undefined-- 49.009 0.005642483284855845
2.01 --undefined-- 46.983 0.0044685534813373
2.02 --undefined-- 44.521 0.003365674603642289
2.03 --undefined-- 42.855 0.002778235364878492
2.04 --undefined-- 41.885 0.002484650298847613
2.05 --undefined-- 41.698 0.0024319301473089924
2.06 --undefined-- 47.521 0.004754092621127303
2.07 --undefined-- 53.061 0.008996867525051302
2.08 --undefined-- 55.845 0.012395832980161784
2.09 --undefined-- 59.180 0.018197356895307357
2.10 --undefined-- 67.296 0.04632577042836904
2.11 --undefined-- 73.612 0.0958576622989711
2.12 154.727 76.563 0.13463639188008725
2.13 143.776 77.355 0.1474993660856928
2.14 139.753 77.408 0.14840377952799358
2.15 138.176 77.130 0.1437162455648042
2.16 138.090 76.689 0.1366138956340646
2.17 138.717 76.337 0.13117836776253775
2.18 138.388 75.971 0.125767047475482
2.19 138.602 75.609 0.12063327830926455
2.20 137.440 75.152 0.1144510384702904
2.21 136.325 74.733 0.10906916277067226
2.22 136.641 74.813 0.11007695687605842
2.23 136.558 75.062 0.11327744631988425
2.24 136.383 74.863 0.11070748461086473
2.25 138.161 74.466 0.10576049584679251
2.26 140.413 74.235 0.10298776515563787
2.27 143.332 74.359 0.10446778308221338
2.28 145.225 74.914 0.1113621832747909
2.29 149.495 75.656 0.12128799504877401
2.30 152.035 76.556 0.1345257404623396
2.31 155.989 77.689 0.15327740208407295
2.32 159.344 78.840 0.1749967519641552
2.33 162.609 79.913 0.19800146994667744
2.34 166.079 80.576 0.2137171231140854
2.35 166.515 79.842 0.19639831300075805
2.36 164.767 76.700 0.13677873957828646
2.37 --undefined-- 70.305 0.06550408753885059
2.38 --undefined-- 59.948 0.019879823008311738
2.39 --undefined-- 47.783 0.0048999890154701195
2.40 --undefined-- 43.166 0.0028796021936680436
2.41 --undefined-- 41.022 0.0022497110961090744
2.42 --undefined-- 46.590 0.004270863799771015
2.43 --undefined-- 60.121 0.020281502788212016
2.44 --undefined-- 71.917 0.07886063626910088
2.45 --undefined-- 78.990 0.17804080939250158
2.46 173.432 82.245 0.25899219528824313
2.47 169.701 82.860 0.27800484595835845
2.48 165.640 82.391 0.26337421626372026
2.49 164.791 82.147 0.2560970674524298
2.50 163.884 82.111 0.25502437191764304
2.51 163.657 81.986 0.2513717134583197
2.52 163.864 81.865 0.24791576239302637
2.53 164.688 81.830 0.24691058080895417
2.54 165.628 81.916 0.2493734169689356
2.55 166.285 82.042 0.25300989691580206
2.56 166.133 81.607 0.24064364058781676
2.57 163.758 79.946 0.19876553738804442
2.58 162.553 77.849 0.15611996226964808
2.59 166.656 77.899 0.1570359616710092
2.60 171.622 79.668 0.19249709162854806
2.61 175.396 81.276 0.23164144579430304
2.62 178.069 82.184 0.2571627123206064
2.63 179.602 82.350 0.2621422194805779
2.64 180.156 81.711 0.24354588994382348
2.65 179.586 80.021 0.20047957830580077
2.66 176.892 77.009 0.1417422878108306
2.67 172.729 72.498 0.08432376741619316
2.68 169.673 66.458 0.04206695050428656
2.69 --undefined-- 58.949 0.017721197678689533
2.70 --undefined-- 51.989 0.007951701146744119
2.71 --undefined-- 48.848 0.005538971767958419
2.72 --undefined-- 47.978 0.005011232929464077
2.73 --undefined-- 49.214 0.005777214443150216
2.74 --undefined-- 50.975 0.007075726262580999
2.75 --undefined-- 51.894 0.007865764831552517
2.76 --undefined-- 51.935 0.007903141316102386
2.77 --undefined-- 52.893 0.008824261650954169
2.78 --undefined-- 61.095 0.022686737523550195
2.79 197.736 70.370 0.06599743246818188
2.80 191.986 76.249 0.12985772067228998
2.81 187.826 79.680 0.19276037749839864
2.82 188.787 81.605 0.24058963157302932
2.83 191.276 82.667 0.2718782910901895
2.84 193.869 83.257 0.29097492324545754
2.85 195.896 83.578 0.30195202307271146
2.86 197.181 83.672 0.30522646366745376
2.87 197.089 83.563 0.3014088472991445
2.88 196.019 83.266 0.2912921558830426
2.89 193.917 82.797 0.2759674664817427
2.90 190.816 82.176 0.2569407190044691
2.91 187.411 81.419 0.2355031964271535
2.92 183.202 80.529 0.21256617959333304
2.93 177.724 79.501 0.1888396133364257
2.94 171.042 78.376 0.16588874782291935
2.95 163.455 77.184 0.1446130727388504
2.96 155.429 75.808 0.12342648525009388
2.97 149.498 73.923 0.09934888018547254
2.98 144.958 71.516 0.07530628678999675
2.99 140.982 68.878 0.05558219918804841
3.00 138.788 66.254 0.04108985223975906
3.01 135.915 63.555 0.03011389533496777
3.02 135.139 60.760 0.02182994437885311
3.03 135.894 58.057 0.015990802268775656
3.04 --undefined-- 55.744 0.012253013105347554
3.05 --undefined-- 53.769 0.009760927455163068
3.06 --undefined-- 51.499 0.007516203856117397
3.07 --undefined-- 48.867 0.005550894294023681
3.08 --undefined-- 45.895 0.003942601017508154
3.09 --undefined-- 42.195 0.0025750269705235333
3.10 --undefined-- 40.312 0.002073089595727892
3.11 --undefined-- 39.691 0.0019301277071069867
3.12 --undefined-- 39.292 0.001843536725222465
3.13 --undefined-- 39.447 0.001876696482108571
3.14 --undefined-- 39.100 0.001803119646437978
3.15 --undefined-- 37.808 0.0015539163726411688
3.16 --undefined-- 36.619 0.001355061411825812
3.17 --undefined-- 36.928 0.001404173504547829
3.18 --undefined-- 37.371 0.0014776944068559989
3.19 --undefined-- 36.659 0.0013614078135327922
3.20 --undefined-- 36.204 0.0012918891314590165
3.21 --undefined-- 37.545 0.001507588977719606
3.22 --undefined-- 38.986 0.0017796992272990984
3.23 --undefined-- 39.339 0.0018533469825625498
3.24 --undefined-- 38.784 0.0017386536316583337
3.25 --undefined-- 38.355 0.0016549197264867407
3.26 --undefined-- 38.344 0.0016528063712785656
3.27 --undefined-- 37.794 0.0015513639785485302
3.28 --undefined-- 36.643 0.001358818297972581
3.29 --undefined-- 35.835 0.0012381753540942429
3.30 --undefined-- 35.973 0.0012580690730296601
3.31 --undefined-- 36.547 0.0013440144402314606
3.32 --undefined-- 37.558 0.0015097936173844037
3.33 --undefined-- 38.253 0.0016356508382237523
3.34 --undefined-- 38.349 0.001653710645687653
3.35 --undefined-- 38.091 0.0016053465173098734
3.36 --undefined-- 37.982 0.0015853651059765013
3.37 --undefined-- 38.326 0.0016493692082464788
3.38 --undefined-- 38.431 0.0016695537280398871
3.39 --undefined-- 38.339 0.0016518708360946208
3.40 --undefined-- 38.065 0.0016006521379852226
3.41 --undefined-- 37.272 0.0014609253096015665
3.42 --undefined-- 36.294 0.0013053831450205392
3.43 --undefined-- 35.777 0.0012299991875993745
3.44 --undefined-- 35.636 0.001210109611777594
3.45 --undefined-- 35.825 0.0012367425682997012
3.46 --undefined-- 37.028 0.0014204700595934114
3.47 --undefined-- 38.818 0.0017454525954939523
3.48 --undefined-- 39.322 0.001849772426456163
3.49 --undefined-- 39.124 0.0018081894074423825
3.50 --undefined-- 39.279 0.001840599796645699
3.51 --undefined-- 39.165 0.0018166752277981027
3.52 --undefined-- 39.136 0.0018105322079376759
3.53 --undefined-- 39.422 0.0018712469440360713
3.54 --undefined-- 38.984 0.0017791948054247677
3.55 --undefined-- 39.856 0.0019671724125964194
3.56 --undefined-- 42.152 0.0025623092889557504
3.57 --undefined-- 42.334 0.00261640650262399
3.58 --undefined-- 40.231 0.002053972834159658
3.59 --undefined-- 37.723 0.0015387640889936555
3.60 --undefined-- 36.607 0.0013532714245629775
3.61 --undefined-- 36.296 0.0013057006134393665
3.62 --undefined-- 36.728 0.0013722563525639803
3.63 --undefined-- 37.964 0.0015820029666244856
3.64 --undefined-- 38.381 0.0016599289306566828
3.65 --undefined-- 37.431 0.0014879259900763935
3.66 --undefined-- 36.126 0.0012803563049279985
3.67 --undefined-- 36.093 0.0012754985305272232
3.68 --undefined-- 37.478 0.0014960733268185454
3.69 --undefined-- 38.405 0.001664468859847068
3.70 --undefined-- 38.524 0.001687454730776984
3.71 --undefined-- 38.090 0.0016051181524757315
3.72 --undefined-- 37.734 0.0015408266782939342
3.73 --undefined-- 37.496 0.0014990527089853208
3.74 --undefined-- 37.308 0.0014669720549161992
3.75 --undefined-- 37.392 0.001481308215478099
3.76 --undefined-- 37.600 0.0015171477866190346
3.77 --undefined-- 37.026 0.0014200655443014371
3.78 --undefined-- 35.756 0.0012269010106443145
3.79 --undefined-- 35.037 0.001129450501534518
3.80 --undefined-- 35.116 0.0011397580318132233
3.81 --undefined-- 35.964 0.0012567524599917165
3.82 --undefined-- 36.128 0.0012806957892883373
3.83 --undefined-- 35.456 0.001185345369475297
3.84 --undefined-- 36.315 0.0013085303944003503
3.85 --undefined-- 37.295 0.0014648625330680916
3.86 --undefined-- 36.888 0.0013977770586775396
3.87 --undefined-- 35.551 0.0011983398216313507
3.88 --undefined-- 35.960 0.001256050773946531
3.89 --undefined-- 38.169 0.0016198959263772916
3.90 --undefined-- 39.092 0.001801453079741837
3.91 --undefined-- 38.644 0.0017109266115351066
3.92 --undefined-- 37.841 0.0015598672631849373
3.93 --undefined-- 37.151 0.001440726234701097
3.94 --undefined-- 37.505 0.001500661878879063
3.95 --undefined-- 37.543 0.001507239180772148
3.96 --undefined-- 37.136 0.0014383014884448244
3.97 --undefined-- 36.698 0.0013674327347211635
3.98 --undefined-- 36.505 0.0013374478156905278
3.99 --undefined-- 36.851 0.0013917334591007277
4.00 --undefined-- 37.602 0.001517504471219368
4.01 --undefined-- 39.725 0.0019377352262967703
4.02 --undefined-- 47.965 0.005003379852914081
4.03 --undefined-- 56.414 0.013235288826268078
4.04 --undefined-- 61.189 0.022933400974530362
4.05 --undefined-- 62.934 0.02803786720351565
4.06 --undefined-- 63.360 0.029447702894570247
4.07 143.590 63.918 0.031398828415135555
4.08 144.358 66.044 0.04010786707733528
4.09 148.170 71.568 0.07576171045838093
4.10 147.598 76.366 0.13162279999454438
4.11 143.345 78.851 0.17521409266968033
4.12 142.899 79.545 0.18979381037212975
4.13 142.627 79.368 0.18596813441268378
4.14 142.200 79.013 0.17850876951998762
4.15 142.072 78.789 0.1739791275007523
4.16 142.241 78.714 0.17247245143062712
4.17 143.270 78.713 0.1724564168347733
4.18 144.907 78.733 0.1728610804358384
4.19 145.573 78.354 0.16546502872849495
4.20 145.417 76.536 0.13423124638141537
4.21 142.853 72.228 0.08173534725908
4.22 150.071 65.584 0.038038223503423105
4.23 153.234 61.367 0.02340751002525528
4.24 155.086 61.162 0.022862811273720314
4.25 158.679 61.639 0.02415228691034287
4.26 162.350 62.538 0.0267882963024397
4.27 165.504 64.554 0.03378601547316787
4.28 173.384 69.572 0.060202000416957446
4.29 183.192 74.698 0.10862390033013443
4.30 184.887 77.552 0.15088342478107922
4.31 188.357 78.475 0.16779378801815698
4.32 193.412 78.496 0.16820983045184676
4.33 198.634 78.505 0.16836935212914622
4.34 203.061 78.565 0.1695510033744395
4.35 206.091 78.197 0.1625190165423455
4.36 206.536 76.748 0.13753952198410352
4.37 203.153 73.573 0.09542476962793908
4.38 198.556 69.111 0.05709017086922012
4.39 200.217 66.500 0.04226840296005996
4.40 195.214 66.225 0.04095128420685255
4.41 189.099 66.059 0.04017562613611155
4.42 182.086 65.273 0.03670016253291058
4.43 171.497 63.417 0.02964154316884322
4.44 155.161 61.018 0.022488183873068186
4.45 143.875 60.413 0.0209734301052526
4.46 138.346 63.289 0.02920782237295183
4.47 133.922 66.962 0.044580198008529484
4.48 131.630 68.865 0.05549657419531765
4.49 129.995 69.387 0.0589373277894715
4.50 128.043 69.613 0.060489563171810735
4.51 124.828 69.601 0.06040851984988985
4.52 124.803 69.104 0.05704692940145901
4.53 122.532 68.625 0.05398836561490294
4.54 120.317 68.762 0.05484335739375765
4.55 119.423 69.388 0.058939585787783605
4.56 119.860 69.819 0.06193868178594052
4.57 121.117 69.948 0.06286918224265657
4.58 121.547 69.918 0.0626528442989672
4.59 118.814 69.784 0.06169541897264885
4.60 116.147 69.532 0.059927622341743744
4.61 110.356 69.250 0.05801418321074793
4.62 114.159 69.456 0.059406368967957555
4.63 116.843 69.936 0.06278435200376253
4.64 117.662 70.100 0.06397477157892671
4.65 119.425 69.557 0.060099398950731235
4.66 116.661 68.056 0.05056437338943907
4.67 115.439 65.347 0.03701674025049222
4.68 --undefined-- 60.705 0.021690139708118412
4.69 --undefined-- 53.466 0.009426314275100186
4.70 --undefined-- 45.391 0.0037203520257451145
4.71 --undefined-- 41.043 0.0022550748351839412
4.72 --undefined-- 38.829 0.0017477830315093857
4.73 --undefined-- 37.762 0.0015457284354414029
4.74 --undefined-- 36.830 0.0013884092031925647
4.75 --undefined-- 37.408 0.0014839283527955285
4.76 --undefined-- 38.737 0.0017293102920170151
4.77 --undefined-- 39.648 0.0019204963999686932
4.78 --undefined-- 40.635 0.0021516010196260737
4.79 --undefined-- 47.962 0.0050020759031817194
4.80 --undefined-- 54.840 0.011042001514557816
4.81 --undefined-- 57.267 0.014600879410046418
4.82 --undefined-- 55.283 0.011619283233106298
4.83 --undefined-- 48.942 0.005598981849495813
4.84 --undefined-- 41.657 0.002420422041189862
4.85 --undefined-- 40.854 0.002206538042834567
4.86 --undefined-- 40.951 0.002231423869003195
4.87 --undefined-- 40.159 0.002037023182506724
4.88 --undefined-- 39.217 0.0018274909582892123
4.89 --undefined-- 39.479 0.0018836293978537308
4.90 --undefined-- 39.399 0.00186629158669855
4.91 --undefined-- 38.377 0.0016590547635782467
4.92 --undefined-- 37.852 0.0015617767601446841
4.93 --undefined-- 38.165 0.0016190855689616679
4.94 --undefined-- 37.743 0.00154236890740906
4.95 --undefined-- 37.678 0.001530895846932181
4.96 --undefined-- 38.311 0.0016466593641831528
4.97 --undefined-- 38.361 0.0016559982927926349
4.98 --undefined-- 38.727 0.0017273545088357589
4.99 --undefined-- 40.095 0.002022031245525143
5.00 --undefined-- 41.927 0.0024966558133457705
5.01 --undefined-- 43.204 0.002892236097810788
5.02 --undefined-- 44.698 0.003434961164422969
5.03 --undefined-- 46.708 0.0043296146815322845
5.04 --undefined-- 49.143 0.005730147245516277
5.05 --undefined-- 51.342 0.007380847302182365
5.06 --undefined-- 52.772 0.008702159128739917
5.07 --undefined-- 53.964 0.009982677027075055
5.08 --undefined-- 56.305 0.013070425522049237
5.09 --undefined-- 60.649 0.02155053527742421
5.10 --undefined-- 69.846 0.06213463297767396
5.11 228.823 76.979 0.14125040142371859
5.12 223.363 80.729 0.21750696619084045
5.13 220.148 82.271 0.2597688785569072
5.14 215.865 82.589 0.2694480521671236
5.15 210.938 81.633 0.2413571410476555
5.16 204.618 78.633 0.1708685634190563
5.17 193.551 73.406 0.0936092465971773
5.18 194.207 69.366 0.05879351709666255
5.19 190.338 68.750 0.05476710741849719
5.20 184.337 68.103 0.05083702090718252
5.21 176.820 66.609 0.04280471732921139
5.22 168.215 64.432 0.03331386356010629
5.23 159.638 62.272 0.02598013624032772
5.24 154.410 61.303 0.023236162892006952
5.25 153.390 61.607 0.024065166232467575
5.26 145.144 61.565 0.023949459685404666
5.27 139.752 60.808 0.021948710653866586
5.28 138.625 60.400 0.020942120647394657
5.29 131.994 60.354 0.020833143500961597
5.30 129.893 61.532 0.023856688693924783
5.31 133.780 64.825 0.03485621258101258
5.32 134.420 67.566 0.04778860604254195
5.33 129.941 69.062 0.05677225247300093
5.34 127.010 69.753 0.06146949246050356
5.35 125.917 69.873 0.062325517990919795
5.36 124.374 69.547 0.06003241050703012
5.37 122.783 68.197 0.05138913718172825
5.38 --undefined-- 64.494 0.0335509835243778
5.39 --undefined-- 58.133 0.01613236987622041
5.40 --undefined-- 54.988 0.011231746541894032
5.41 --undefined-- 56.334 0.013113829861016392
5.42 123.347 57.873 0.015655295372523845
5.43 122.700 59.419 0.01870578642093512
5.44 125.127 61.225 0.023030417364735566
5.45 127.773 64.804 0.03477382549327438
5.46 134.780 69.174 0.05750978964567155
5.47 130.063 71.956 0.07922273807650439
5.48 128.089 72.829 0.08759090619171697
5.49 128.986 72.385 0.08322648043420255
5.50 128.358 70.857 0.06980018947871569
5.51 126.993 67.654 0.04827324552341653
5.52 127.033 62.971 0.028155095283507993
5.53 131.636 60.002 0.02000548981839082
5.54 132.304 59.760 0.019455456206143515
5.55 131.582 59.726 0.019378128029007232
5.56 131.759 59.292 0.01843441243043064
5.57 133.521 58.789 0.01739763257714183
5.58 132.597 58.322 0.01648637990818099
5.59 132.727 57.338 0.014720936794567416
5.60 133.059 55.591 0.01203891900509027
5.61 --undefined-- 53.504 0.009467002688561198
5.62 --undefined-- 53.395 0.009349182114228537
5.63 --undefined-- 55.938 0.01252943752341568
5.64 --undefined-- 55.912 0.012491547163364702
5.65 --undefined-- 53.034 0.00896906565151089
5.66 --undefined-- 55.591 0.012039180192929776
5.67 163.870 62.858 0.0277922480869691
5.68 160.327 69.044 0.05665306646350212
5.69 159.179 73.932 0.09945409533543821
5.70 162.451 77.456 0.1492220647229057
5.71 164.165 79.462 0.18799693105745266
5.72 163.154 80.087 0.20202047119462538
5.73 163.044 79.942 0.1986593696897684
5.74 162.394 79.579 0.19053020674523236
5.75 162.511 79.186 0.18210712630063494
5.76 162.209 78.739 0.17296661977872171
5.77 161.686 78.219 0.16292700810381672
5.78 160.781 77.643 0.1524757386193184
5.79 160.419 77.035 0.1421537332253677
5.80 159.164 76.451 0.13291579145949217
5.81 157.428 75.859 0.1241545011726329
5.82 155.378 75.236 0.11556969336386111
5.83 153.936 74.546 0.10674413503242806
5.84 152.168 73.952 0.09968045154296537
5.85 150.564 73.576 0.09546710706367459
5.86 148.229 73.217 0.09159231266843536
5.87 145.082 72.678 0.08609025304876694
5.88 143.148 71.999 0.07961008320428616
5.89 141.204 71.245 0.07299519650070348
5.90 138.814 70.450 0.06661186786878322
5.91 136.777 69.527 0.059893084155389055
5.92 135.217 68.651 0.0541460119352887
5.93 133.237 68.112 0.05088768000648349
5.94 131.593 68.027 0.05039175436854338
5.95 131.316 67.819 0.04920074786355659
5.96 127.206 66.409 0.04182816415634746
5.97 123.319 63.136 0.028695011108227413
5.98 124.703 58.712 0.01724317620258355
5.99 126.647 56.040 0.012676677141212803
6.00 127.064 55.357 0.011718115057576603
6.01 --undefined-- 54.959 0.011193415562507459
6.02 --undefined-- 54.299 0.010374706391043173
6.03 --undefined-- 53.153 0.009092129153901972
6.04 --undefined-- 51.914 0.007883852602704732
6.05 --undefined-- 51.195 0.007257617991570643
6.06 --undefined-- 49.982 0.00631175222466222
6.07 --undefined-- 47.490 0.004737046981255812
6.08 --undefined-- 44.941 0.0035324749788878105
6.09 --undefined-- 43.238 0.002903551827174703
6.10 --undefined-- 41.606 0.0024062762853323282
6.11 --undefined-- 40.006 0.002001296724757912
6.12 --undefined-- 39.039 0.0017905842826340106
6.13 --undefined-- 38.135 0.0016134783722140658
6.14 --undefined-- 37.199 0.0014487058565421616
6.15 --undefined-- 36.798 0.0013833697798661742
6.16 --undefined-- 36.785 0.001381255242397376
6.17 --undefined-- 36.485 0.0013343962204875057
6.18 --undefined-- 36.290 0.0013047829325098265
6.19 --undefined-- 36.662 0.001361864374635324
6.20 --undefined-- 36.782 0.0013807517323539394
6.21 --undefined-- 36.230 0.0012958081552763047
6.22 --undefined-- 35.846 0.0012397678108519437
6.23 --undefined-- 36.126 0.001280407694378944
6.24 --undefined-- 36.846 0.001391026894206571
6.25 --undefined-- 37.970 0.00158321746344481
6.26 --undefined-- 38.546 0.0016917036356092967
6.27 --undefined-- 37.964 0.001582117121379495
6.28 --undefined-- 37.615 0.0015198022698404987
6.29 --undefined-- 37.792 0.0015510296006797314
6.30 --undefined-- 37.706 0.0015358429122746663
6.31 --undefined-- 37.477 0.0014957455234138556
6.32 --undefined-- 37.127 0.0014367822419160822
6.33 --undefined-- 37.959 0.0015812292153920486
6.34 --undefined-- 38.844 0.0017508319666444756
6.35 --undefined-- 38.154 0.001617009934295407
6.36 --undefined-- 36.783 0.0013809135745482975
6.37 --undefined-- 36.917 0.0014024945953379627
6.38 --undefined-- 37.288 0.0014635639266219163
6.39 --undefined-- 37.096 0.0014316998928046657
6.40 --undefined-- 36.760 0.0013772999558513937
6.41 --undefined-- 36.567 0.0013470048171545436
6.42 --undefined-- 36.881 0.001396613531797734
6.43 --undefined-- 36.683 0.0013651968104978227
6.44 --undefined-- 35.755 0.001226784292030034
6.45 --undefined-- 35.821 0.0012362395210690276
6.46 --undefined-- 36.761 0.0013773913456322266
6.47 --undefined-- 36.934 0.0014051812791925943
6.48 --undefined-- 36.130 0.001280993316367432
6.49 --undefined-- 35.620 0.0012079236384983979
6.50 --undefined-- 35.596 0.0012045818586450812
6.51 --undefined-- 36.299 0.0013061539348667868
6.52 --undefined-- 36.741 0.00137429050294746
6.53 --undefined-- 36.269 0.001301641608942405
6.54 --undefined-- 35.829 0.0012373826694978493
6.55 --undefined-- 36.280 0.0013031879487622232
6.56 --undefined-- 36.864 0.0013938172443548281
6.57 --undefined-- 36.856 0.0013926727644110572
6.58 --undefined-- 36.807 0.0013847473252448933
6.59 --undefined-- 37.338 0.001472089834873171
6.60 --undefined-- 37.998 0.0015883698504941945
6.61 --undefined-- 37.820 0.0015560152301422635
6.62 --undefined-- 36.999 0.0014156572361889185
6.63 --undefined-- 36.015 0.0012640421548479632
6.64 --undefined-- 35.398 0.0011774025940048903
6.65 --undefined-- 35.997 0.001261474607771237
6.66 --undefined-- 37.099 0.0014320705875741524
6.67 --undefined-- 37.572 0.0015122300382934752
6.68 --undefined-- 38.576 0.0016976528122457743
6.69 --undefined-- 39.432 0.0018734402868854601
6.70 --undefined-- 38.622 0.0017066836111740583
6.71 --undefined-- 36.772 0.001379144771672739
6.72 --undefined-- 35.914 0.0012495223594286362
6.73 --undefined-- 36.796 0.0013829569699053276
6.74 --undefined-- 37.838 0.001559359069528377
6.75 --undefined-- 37.959 0.0015811342268614676
6.76 --undefined-- 37.917 0.0015736230545247392
6.77 --undefined-- 38.317 0.0016477564316945542
6.78 --undefined-- 38.267 0.0016382388296919891
6.79 --undefined-- 37.648 0.0015256262053242613
6.80 --undefined-- 37.755 0.0015444682165972562
6.81 --undefined-- 37.727 0.001539466602859385
6.82 --undefined-- 36.901 0.001399795044039814
6.83 --undefined-- 36.852 0.0013919146605361097
6.84 --undefined-- 37.532 0.001505256730525194
6.85 --undefined-- 37.460 0.0014928278780998922
6.86 --undefined-- 36.899 0.0013995630822787144
6.87 --undefined-- 36.690 0.001366256448319426
6.88 --undefined-- 37.167 0.0014434292386444245
6.89 --undefined-- 37.622 0.0015210126026809915
6.90 --undefined-- 37.573 0.0015124967335224647
6.91 --undefined-- 37.920 0.0015740145619297856
6.92 --undefined-- 38.524 0.0016875066268770343
6.93 --undefined-- 37.972 0.001583604959754755
6.94 --undefined-- 36.799 0.001383432113304275
6.95 --undefined-- 36.878 0.0013962194837676524
6.96 --undefined-- 37.597 0.001516616139721094
6.97 --undefined-- 38.101 0.001607277440822474
6.98 --undefined-- 37.727 0.0015395851462690932
6.99 --undefined-- 37.236 0.0014548189047109998
7.00 --undefined-- 37.972 0.0015836251161974837
7.01 --undefined-- 38.545 0.0016914679062114313
7.02 --undefined-- --undefined-- --undefined--
7.03 --undefined-- --undefined-- --undefined--
7.04 --undefined-- --undefined-- --undefined--
7.05 --undefined-- --undefined-- --undefined--
Here are the results for channel 2 (oral): time - pitch(Hz) - Amplitude(dB) - RMSqIntensity(Pa)
0.01 --undefined-- --undefined-- --undefined--
0.02 --undefined-- --undefined-- --undefined--
0.03 --undefined-- --undefined-- --undefined--
0.04 --undefined-- --undefined-- --undefined--
0.05 --undefined-- 40.749 0.0021801963658561858
0.06 --undefined-- 40.772 0.0021858490571408638
0.07 --undefined-- 40.018 0.002004087496334633
0.08 --undefined-- 38.915 0.0017651950317803973
0.09 --undefined-- 39.097 0.001802591687397478
0.10 --undefined-- 39.480 0.001883744118409694
0.11 --undefined-- 38.396 0.0016627127071942866
0.12 --undefined-- 36.882 0.001396724136190345
0.13 --undefined-- 36.705 0.0013685347548564367
0.14 --undefined-- 37.305 0.001466491377304117
0.15 --undefined-- 36.680 0.0013647396025359513
0.16 --undefined-- 35.480 0.001188562953378759
0.17 --undefined-- 35.776 0.0012297184850408652
0.18 --undefined-- 36.191 0.0012899435927926637
0.19 --undefined-- 36.239 0.0012971717168010998
0.20 --undefined-- 37.271 0.0014607240066473654
0.21 --undefined-- 38.968 0.0017758472350859888
0.22 --undefined-- 40.730 0.0021752497821555233
0.23 --undefined-- 43.131 0.0028680929710517573
0.24 --undefined-- 44.230 0.0032550246039318646
0.25 --undefined-- 42.364 0.0026255707845052696
0.26 --undefined-- 38.817 0.0017453125321684612
0.27 --undefined-- 44.249 0.003262016061146818
0.28 --undefined-- 57.890 0.015685918510900437
0.29 255.000 67.416 0.046970645460807224
0.30 259.259 72.440 0.08375459394135996
0.31 248.074 75.102 0.11379104749678655
0.32 214.924 77.119 0.1435402168009572
0.33 213.720 77.962 0.158168564451113
0.34 213.615 77.995 0.15877051904805267
0.35 206.528 77.544 0.15073984221088804
0.36 203.407 76.321 0.13094097340280356
0.37 203.032 75.118 0.11400079788820333
0.38 198.970 74.710 0.10877344876533276
0.39 196.364 74.610 0.10753117400244705
0.40 193.864 74.186 0.10240963435088336
0.41 190.166 72.621 0.08552585937858438
0.42 186.194 69.081 0.056898644807187294
0.43 --undefined-- 62.799 0.027605200187972877
0.44 --undefined-- 53.549 0.00951672138380702
0.45 --undefined-- 44.404 0.003320825483990567
0.46 --undefined-- 41.020 0.0022492261496085994
0.47 --undefined-- 41.760 0.0024493268394290254
0.48 --undefined-- 45.111 0.003602246359740483
0.49 --undefined-- 49.020 0.005649857847280902
0.50 --undefined-- 59.274 0.018396234470274442
0.51 243.519 67.838 0.04931219813002577
0.52 232.735 72.027 0.07987116177663324
0.53 220.687 72.283 0.08225943184614058
0.54 206.168 69.024 0.056522910712365176
0.55 197.691 63.318 0.029305475995128408
0.56 202.962 57.396 0.014819673710359044
0.57 --undefined-- 51.117 0.007192176455960502
0.58 --undefined-- 44.305 0.003282926049177423
0.59 --undefined-- 39.698 0.0019316095670302283
0.60 --undefined-- 38.037 0.0015954850600632862
0.61 --undefined-- 37.969 0.0015829568130807884
0.62 --undefined-- 40.638 0.0021523138865979174
0.63 --undefined-- 45.324 0.003691557898703776
0.64 --undefined-- 47.448 0.004714418655030478
0.65 --undefined-- 54.924 0.011148659548952467
0.66 261.650 63.615 0.03032493669400486
0.67 250.698 68.484 0.05311943577461221
0.68 241.460 70.014 0.06334741484287336
0.69 234.888 68.909 0.05578126274145102
0.70 229.444 65.928 0.0395753214869171
0.71 225.600 61.724 0.024391495410119594
0.72 219.259 56.437 0.013270944468040488
0.73 --undefined-- 49.623 0.0060558553803190356
0.74 --undefined-- 43.550 0.0030095814464376845
0.75 --undefined-- 42.407 0.0026385685526575642
0.76 --undefined-- 41.984 0.0025131461545073158
0.77 --undefined-- 40.104 0.002024071358021542
0.78 --undefined-- 38.019 0.0015920793929131562
0.79 --undefined-- 36.772 0.0013791673427335338
0.80 --undefined-- 35.186 0.0011489981583730354
0.81 --undefined-- 34.844 0.0011047175064435844
0.82 --undefined-- 35.175 0.0011476066682648402
0.83 --undefined-- 35.732 0.0012236373345943892
0.84 --undefined-- 36.169 0.0012867462881936006
0.85 --undefined-- 36.237 0.0012968377781746225
0.86 --undefined-- 36.341 0.0013124784160364676
0.87 --undefined-- 36.393 0.0013203002990542782
0.88 --undefined-- 39.221 0.0018283596764569832
0.89 --undefined-- 46.415 0.00418581490020774
0.90 --undefined-- 55.893 0.012464790415407571
0.91 --undefined-- 62.483 0.026619291215584873
0.92 --undefined-- 65.509 0.037711620177029795
0.93 144.883 65.546 0.0378738449434412
0.94 143.288 63.574 0.030179643548066258
0.95 137.560 60.501 0.02118829297981551
0.96 --undefined-- 55.940 0.012531596892067672
0.97 --undefined-- 48.926 0.0055891777931803355
0.98 --undefined-- 40.901 0.0022185080586896873
0.99 --undefined-- 38.463 0.001675682593199726
1.00 --undefined-- 38.127 0.0016120546578850706
1.01 --undefined-- 38.166 0.0016192893700432557
1.02 --undefined-- 37.913 0.0015727579889477158
1.03 --undefined-- 38.065 0.0016006029083194908
1.04 --undefined-- 42.617 0.002703086878074624
1.05 --undefined-- 47.067 0.004511877189087938
1.06 --undefined-- 49.567 0.006017247638666284
1.07 --undefined-- 54.195 0.010251192047292548
1.08 --undefined-- 58.998 0.01782133347011802
1.09 --undefined-- 61.740 0.0244355570011042
1.10 --undefined-- 62.720 0.027354944463372475
1.11 --undefined-- 61.954 0.02504657004971408
1.12 --undefined-- 59.023 0.01787155396397967
1.13 --undefined-- 53.523 0.009487885198310642
1.14 --undefined-- 46.093 0.0040332490868136605
1.15 --undefined-- 40.947 0.0022304888010376334
1.16 --undefined-- 39.749 0.001942991508287306
1.17 --undefined-- 42.944 0.002807004184249018
1.18 --undefined-- 48.689 0.005438457887258567
1.19 --undefined-- 53.941 0.009955761767810824
1.20 --undefined-- 58.679 0.017178250545724118
1.21 --undefined-- 61.643 0.024163462923739804
1.22 --undefined-- 62.921 0.02799411124328361
1.23 --undefined-- 63.133 0.028685162525688822
1.24 --undefined-- 62.574 0.026899309231308313
1.25 --undefined-- 61.887 0.02485295559946274
1.26 --undefined-- 61.500 0.023771386738622665
1.27 --undefined-- 61.360 0.023388872602624816
1.28 126.437 61.420 0.02355108878152259
1.29 136.360 61.774 0.024531870312600984
1.30 122.882 61.830 0.024691016525016027
1.31 128.888 61.087 0.022666610405745375
1.32 127.343 59.621 0.01914691271056184
1.33 126.151 57.375 0.01478300406668016
1.34 121.534 54.704 0.010870609393928728
1.35 --undefined-- 51.206 0.00726622477215192
1.36 --undefined-- 45.981 0.0039817605216125405
1.37 --undefined-- 40.909 0.002220557094802008
1.38 --undefined-- 39.480 0.0018838626097582125
1.39 --undefined-- 38.444 0.0016719837062104228
1.40 --undefined-- 37.863 0.0015637645515682976
1.41 --undefined-- 38.762 0.0017343866759483807
1.42 --undefined-- 39.400 0.0018664098957690267
1.43 --undefined-- 39.437 0.0018745147502892126
1.44 --undefined-- 39.472 0.0018819961981027386
1.45 --undefined-- 40.377 0.002088810703794335
1.46 --undefined-- 42.072 0.002538778773009597
1.47 --undefined-- 43.357 0.0029437761899140102
1.48 --undefined-- 43.477 0.002984484238143259
1.49 --undefined-- 42.852 0.002777500527717621
1.50 --undefined-- 41.685 0.002428213842847996
1.51 --undefined-- 40.830 0.002200473945806529
1.52 --undefined-- 41.651 0.0024188104903479593
1.53 --undefined-- 41.814 0.00246438633746771
1.54 --undefined-- 41.995 0.0025162741065168225
1.55 --undefined-- 42.085 0.0025426662291445374
1.56 --undefined-- 40.951 0.0022313128189207984
1.57 --undefined-- 38.908 0.0017636951892889303
1.58 --undefined-- 37.590 0.0015153576010188225
1.59 --undefined-- 37.573 0.0015125309782306915
1.60 --undefined-- 38.213 0.0016281085458150508
1.61 --undefined-- 38.780 0.001737846594075442
1.62 --undefined-- 38.458 0.0016746059110708644
1.63 --undefined-- 37.670 0.0015293962074427125
1.64 --undefined-- 37.374 0.0014782046036935401
1.65 --undefined-- 38.000 0.0015886443272054443
1.66 --undefined-- 38.291 0.0016427735870929603
1.67 --undefined-- 37.923 0.0015746521741277276
1.68 --undefined-- 37.331 0.0014709170097826176
1.69 --undefined-- 37.008 0.0014171392772404884
1.70 --undefined-- 40.203 0.002047186172736649
1.71 --undefined-- 48.155 0.005114247268978941
1.72 --undefined-- 57.582 0.0151396109393372
1.73 --undefined-- 66.310 0.04135425269569922
1.74 165.275 71.395 0.07426437729021353
1.75 168.356 73.101 0.09038117314301372
1.76 167.976 71.787 0.07769453491959062
1.77 156.349 67.505 0.04745245033484724
1.78 --undefined-- 60.268 0.020627073203434012
1.79 --undefined-- 50.569 0.006752650647827181
1.80 --undefined-- 42.854 0.0027779940047383176
1.81 --undefined-- 39.866 0.0019694667771575636
1.82 --undefined-- 39.059 0.001794656438267946
1.83 --undefined-- 42.713 0.002733190022632416
1.84 --undefined-- 48.213 0.005148661588935723
1.85 --undefined-- 50.757 0.006900436265151345
1.86 --undefined-- 49.802 0.006182105270105662
1.87 --undefined-- 49.382 0.0058901507014623095
1.88 --undefined-- 57.263 0.014594283947192069
1.89 --undefined-- 64.219 0.032508388825662746
1.90 151.429 68.046 0.050506525275051985
1.91 153.221 69.476 0.05954010893219152
1.92 149.537 68.971 0.05618267144933142
1.93 144.301 66.692 0.043212772948459016
1.94 137.997 62.544 0.026806124801797424
1.95 --undefined-- 56.480 0.013336639765410808
1.96 --undefined-- 49.869 0.006230196354305722
1.97 --undefined-- 44.602 0.0033971032428286967
1.98 --undefined-- 41.898 0.002488506623455246
1.99 --undefined-- 41.128 0.0022772916417434044
2.00 --undefined-- 40.238 0.0020555140058029753
2.01 --undefined-- 39.235 0.0018314519055652842
2.02 --undefined-- 38.732 0.0017284418656310096
2.03 --undefined-- 38.461 0.0016752961823036994
2.04 --undefined-- 38.078 0.0016029598721907163
2.05 --undefined-- 37.409 0.001484242876828161
2.06 --undefined-- 39.198 0.001823551709539061
2.07 --undefined-- 42.960 0.0028121633668909117
2.08 --undefined-- 44.967 0.003543194521152099
2.09 --undefined-- 47.859 0.0049430810677252215
2.10 --undefined-- 56.045 0.012685356644526795
2.11 --undefined-- 62.318 0.02611714666391332
2.12 --undefined-- 65.306 0.03684237533272856
2.13 142.923 66.560 0.042562996290651495
2.14 140.124 67.391 0.0468333726009844
2.15 138.540 67.609 0.048028109151997685
2.16 138.107 67.280 0.04624364107661955
2.17 138.645 66.935 0.044442721890117456
2.18 138.448 66.640 0.0429579318868011
2.19 138.547 66.376 0.041670975900232964
2.20 137.784 66.044 0.040106939418427814
2.21 136.563 65.616 0.03817831409878511
2.22 136.515 65.569 0.03797402834158332
2.23 136.507 65.899 0.03944212603617371
2.24 136.409 65.963 0.039734282228133966
2.25 137.892 65.725 0.038660829444276665
2.26 139.759 65.228 0.03651353468397253
2.27 142.639 64.601 0.0339704057342822
2.28 145.020 64.383 0.033126744946597717
2.29 149.397 64.550 0.033771852765269755
2.30 151.942 64.903 0.035170119801926136
2.31 156.103 65.590 0.03806606539175438
2.32 159.442 66.509 0.042315434716538744
2.33 162.609 67.521 0.04754099172414373
2.34 166.231 68.285 0.05191629798956724
2.35 166.279 67.761 0.04887534369979706
2.36 163.615 64.877 0.035064433863492624
2.37 --undefined-- 59.076 0.017981044273145893
2.38 --undefined-- 51.773 0.007756651164792417
2.39 --undefined-- 46.897 0.004424630176877544
2.40 --undefined-- 43.128 0.0028669232451606253
2.41 --undefined-- 39.660 0.0019232807357360672
2.42 --undefined-- 39.090 0.0018010234559666684
2.43 --undefined-- 47.785 0.004900804486170098
2.44 --undefined-- 59.302 0.018456226458425325
2.45 --undefined-- 66.429 0.041925472980601175
2.46 175.182 69.576 0.06023188142049416
2.47 170.935 69.714 0.06119635199444592
2.48 165.439 68.447 0.05288817448752438
2.49 164.666 67.750 0.04880989263069456
2.50 163.842 67.678 0.048410400599565244
2.51 163.648 67.598 0.04796725650121291
2.52 163.945 67.534 0.04761311215259637
2.53 164.763 67.631 0.04814577803522396
2.54 165.653 67.967 0.05004677519311127
2.55 166.240 68.475 0.053063528201573056
2.56 166.074 68.422 0.05273850656710072
2.57 163.434 67.017 0.04486213515131849
2.58 162.653 65.217 0.03646422928188106
2.59 166.729 65.782 0.03891666063024792
2.60 171.680 67.917 0.04975876073128353
2.61 175.339 69.754 0.06147741671602297
2.62 178.090 70.881 0.06999356007110491
2.63 179.533 71.315 0.07358094662457206
2.64 180.154 70.911 0.070240322729553
2.65 179.716 69.398 0.05901365270781899
2.66 176.693 66.616 0.04283620182279061
2.67 171.693 62.555 0.026838917240102744
2.68 168.594 57.511 0.015016298285772485
2.69 --undefined-- 52.492 0.008426080084464693
2.70 --undefined-- 48.607 0.005387459911607211
2.71 --undefined-- 44.874 0.0035052947713283284
2.72 --undefined-- 42.065 0.0025367942951904704
2.73 --undefined-- 40.979 0.002238511506043188
2.74 --undefined-- 41.463 0.002366996467296635
2.75 --undefined-- 42.186 0.002572494693785268
2.76 --undefined-- 42.616 0.0027028957277486993
2.77 --undefined-- 44.149 0.0032247493645078326
2.78 --undefined-- 52.093 0.008047459738229252
2.79 --undefined-- 61.065 0.022609569631432763
2.80 193.302 66.747 0.04348878492239692
2.81 188.347 70.035 0.06349786507813243
2.82 188.794 71.922 0.07890853492034186
2.83 191.108 73.007 0.08940901585041075
2.84 193.734 73.605 0.0957826255522304
2.85 195.868 73.925 0.09937739773025804
2.86 197.170 74.025 0.10052663744324422
2.87 197.179 73.924 0.0993678373025567
2.88 196.214 73.658 0.09636588883684992
2.89 194.129 73.243 0.09186849211075471
2.90 191.152 72.688 0.08618846414767176
2.91 187.768 72.006 0.0796765628780483
2.92 183.562 71.190 0.07253131977798638
2.93 178.408 70.180 0.06457187079127796
2.94 171.750 68.934 0.05593890525940346
2.95 163.435 67.700 0.048531156960824225
2.96 155.196 66.627 0.042892581183242705
2.97 149.235 65.348 0.037021517513278056
2.98 144.745 63.940 0.031477926094822535
2.99 141.115 62.631 0.02707617353230589
3.00 139.136 61.342 0.023341909581805927
3.01 136.066 59.849 0.019654620575248267
3.02 135.753 57.984 0.015856729000345453
3.03 136.652 55.815 0.012352791070530602
3.04 --undefined-- 54.075 0.010110129458910006
3.05 --undefined-- 54.944 0.011174917451072939
3.06 --undefined-- 57.352 0.014745113728180841
3.07 --undefined-- 57.398 0.01482208348056836
3.08 --undefined-- 54.522 0.010644721138057922
3.09 --undefined-- 51.050 0.007137216393451603
3.10 --undefined-- 49.580 0.006025974453769943
3.11 --undefined-- 48.343 0.005226402840365539
3.12 --undefined-- 47.357 0.0046650602338096795
3.13 --undefined-- 46.768 0.004359681025293319
3.14 --undefined-- 47.307 0.004638639965205328
3.15 --undefined-- 48.777 0.005493630861024225
3.16 --undefined-- 48.840 0.00553397017754283
3.17 --undefined-- 48.179 0.005128415456165889
3.18 --undefined-- 47.583 0.0047882532243297546
3.19 --undefined-- 45.982 0.0039824268410252215
3.20 --undefined-- 45.823 0.00390992981508887
3.21 --undefined-- 47.033 0.004494388167678585
3.22 --undefined-- 47.160 0.004560785718929452
3.23 --undefined-- 46.522 0.004237656728500618
3.24 --undefined-- 46.328 0.004143912695096471
3.25 --undefined-- 47.595 0.0047948890522907855
3.26 --undefined-- 48.418 0.005271357271722076
3.27 --undefined-- 48.445 0.005287695412785261
3.28 --undefined-- 48.416 0.005270222225103761
3.29 --undefined-- 47.035 0.004495721499879681
3.30 --undefined-- 44.886 0.0035103029870801705
3.31 --undefined-- 43.764 0.0030849320161010275
3.32 --undefined-- 42.928 0.0028017376691369692
3.33 --undefined-- 41.783 0.0024558560567684803
3.34 --undefined-- 40.247 0.002057710655127246
3.35 --undefined-- 39.475 0.0018827650713279717
3.36 --undefined-- 38.722 0.0017262822529025557
3.37 --undefined-- 37.527 0.0015044950692023927
3.38 --undefined-- 37.076 0.001428313587395538
3.39 --undefined-- 37.223 0.001452705155769723
3.40 --undefined-- 37.333 0.0014712683958622399
3.41 --undefined-- 36.788 0.0013817015002698216
3.42 --undefined-- 36.089 0.0012749228583818016
3.43 --undefined-- 35.621 0.001208047729360748
3.44 --undefined-- 35.010 0.0011259581520948487
3.45 --undefined-- 34.401 0.001049776872933079
3.46 --undefined-- 35.051 0.0011312706853832913
3.47 --undefined-- 36.647 0.0013594290133086024
3.48 --undefined-- 37.426 0.0014869906315966076
3.49 --undefined-- 37.833 0.0015583423214010686
3.50 --undefined-- 38.572 0.0016968929716225376
3.51 --undefined-- 38.681 0.0017182393276651978
3.52 --undefined-- 38.610 0.0017042658304384777
3.53 --undefined-- 38.899 0.0017618091335299443
3.54 --undefined-- 38.828 0.0017475535973280661
3.55 --undefined-- 39.714 0.0019353188382745768
3.56 --undefined-- 41.810 0.002463408593793028
3.57 --undefined-- 42.437 0.0026478436761713884
3.58 --undefined-- 40.750 0.0021803594469481952
3.59 --undefined-- 37.879 0.001566687330026246
3.60 --undefined-- 36.569 0.0013473099128302403
3.61 --undefined-- 36.254 0.0012993021641998944
3.62 --undefined-- 36.247 0.001298375116602087
3.63 --undefined-- 36.323 0.001309742066550979
3.64 --undefined-- 36.351 0.0013139259475447892
3.65 --undefined-- 36.847 0.0013911881345827085
3.66 --undefined-- 37.682 0.001531632671948249
3.67 --undefined-- 38.573 0.0016970629467949134
3.68 --undefined-- 39.433 0.0018737182758050007
3.69 --undefined-- 39.659 0.0019230008610070352
3.70 --undefined-- 38.746 0.0017310326700975985
3.71 --undefined-- 37.233 0.0014544124527613282
3.72 --undefined-- 36.831 0.0013885879674543355
3.73 --undefined-- 37.486 0.0014973883893806823
3.74 --undefined-- 37.851 0.0015617017055417329
3.75 --undefined-- 37.956 0.001580718251372053
3.76 --undefined-- 38.094 0.001605929069989724
3.77 --undefined-- 37.495 0.00149894943863441
3.78 --undefined-- 35.966 0.0012570022187133529
3.79 --undefined-- 34.163 0.0010213470582992575
3.80 --undefined-- 33.712 0.0009696531299018066
3.81 --undefined-- 34.525 0.0010648610935336143
3.82 --undefined-- 34.650 0.0010803070846464621
3.83 --undefined-- 34.097 0.0010136143125561168
3.84 --undefined-- 34.776 0.0010960050599058524
3.85 --undefined-- 35.739 0.0012246058747763632
3.86 --undefined-- 36.073 0.0012726021448210912
3.87 --undefined-- 35.665 0.0012141669239207915
3.88 --undefined-- 36.067 0.0012716767751329472
3.89 --undefined-- 37.571 0.0015121609223106185
3.90 --undefined-- 37.873 0.0015655945158151946
3.91 --undefined-- 37.828 0.0015574930094199278
3.92 --undefined-- 38.019 0.0015920835528611531
3.93 --undefined-- 37.444 0.0014900771926169166
3.94 --undefined-- 37.576 0.0015129963030301845
3.95 --undefined-- 38.363 0.0016563995935637065
3.96 --undefined-- 39.423 0.0018715532159507395
3.97 --undefined-- 40.113 0.0020262536172535824
3.98 --undefined-- 40.231 0.0020538737890646443
3.99 --undefined-- 41.203 0.002297177052844571
4.00 --undefined-- 44.679 0.003427711540423456
4.01 --undefined-- 52.928 0.008859767835188505
4.02 184.872 64.042 0.03184987941224644
4.03 189.257 72.367 0.08305431190701378
4.04 --undefined-- 76.983 0.14131721161474334
4.05 --undefined-- 78.830 0.17480142118385592
4.06 --undefined-- 79.712 0.19347776198217378
4.07 144.540 80.718 0.21724242874439628
4.08 144.048 81.380 0.2344485426591755
4.09 143.774 81.501 0.2377355136169897
4.10 147.405 80.973 0.22370515049885828
4.11 144.270 80.033 0.20075677155245264
4.12 142.843 79.057 0.1794206153441954
4.13 142.617 78.165 0.16191588069347415
4.14 142.198 77.572 0.1512190860134396
4.15 141.999 77.285 0.14631040178376056
4.16 142.173 77.158 0.14418622520938948
4.17 143.240 77.057 0.1425284857183227
4.18 144.894 77.022 0.14194014756971307
4.19 145.510 77.128 0.14369167161541552
4.20 144.297 77.530 0.1505055447128345
4.21 145.714 78.319 0.16481216402213716
4.22 151.073 78.773 0.17365762740274143
4.23 153.075 78.721 0.1726226420774018
4.24 155.226 78.550 0.16925937416817935
4.25 158.596 78.449 0.16729451790522662
4.26 161.928 78.491 0.1681095735198025
4.27 165.395 78.671 0.17163305543324642
4.28 170.281 78.967 0.17756465173611333
4.29 180.857 79.281 0.1841169360981277
4.30 185.277 79.391 0.18646825736797665
4.31 188.250 79.094 0.18019793087520597
4.32 193.081 78.614 0.1704935783923235
4.33 198.198 78.358 0.16554350580124436
4.34 202.805 78.400 0.1663511012204944
4.35 205.660 78.551 0.16926836767731127
4.36 204.933 78.902 0.17625677002936085
4.37 202.062 79.995 0.19989340545903853
4.38 202.856 81.183 0.2291919702994307
4.39 200.184 81.636 0.24145708945100416
4.40 194.878 81.485 0.23729197299531196
4.41 188.507 80.923 0.2224153703261223
4.42 180.019 79.887 0.19740603506816828
4.43 167.556 78.447 0.1672647597316745
4.44 153.652 77.386 0.14802201208405888
4.45 144.544 77.198 0.14485732476028818
4.46 137.735 76.931 0.14046850081003662
4.47 134.594 75.901 0.12476224686453316
4.48 131.926 74.490 0.10605858851176389
4.49 130.120 73.398 0.0935293008633158
4.50 128.077 72.941 0.08873513706847022
4.51 124.780 72.680 0.08610819037260137
4.52 124.708 72.085 0.08040053253942499
4.53 122.570 71.329 0.07370569941478114
4.54 120.343 71.003 0.07098451893258155
4.55 119.489 71.289 0.07336486098287628
4.56 119.690 71.536 0.07547691602228442
4.57 121.096 71.554 0.07563874954669113
4.58 121.575 71.408 0.07437382663460586
4.59 118.851 71.121 0.07195417726963997
4.60 115.987 70.822 0.0695204501719156
4.61 110.276 70.521 0.06715540981800533
4.62 114.090 70.642 0.06809371260047131
4.63 116.821 71.134 0.07206399158773737
4.64 117.657 71.463 0.07484500515369115
4.65 119.536 71.215 0.07274462000986305
4.66 116.426 70.085 0.06386703172125623
4.67 114.996 68.095 0.05078799879807823
4.68 113.082 64.945 0.03533965248267633
4.69 --undefined-- 60.345 0.020810673671099976
4.70 --undefined-- 54.994 0.011239672740773133
4.71 --undefined-- 49.006 0.005640375513135879
4.72 --undefined-- 42.775 0.002752723084363756
4.73 --undefined-- 39.723 0.0019372339848187934
4.74 --undefined-- 39.205 0.0018250309658338923
4.75 --undefined-- 39.903 0.0019778367670503453
4.76 --undefined-- 40.211 0.002049122253946392
4.77 --undefined-- 40.505 0.0021197552270285826
4.78 --undefined-- 42.256 0.002593119397616377
4.79 --undefined-- 49.239 0.005794240917135893
4.80 --undefined-- 56.259 0.013000462446364396
4.81 --undefined-- 59.163 0.018163262568799587
4.82 --undefined-- 57.722 0.015386428795380054
4.83 --undefined-- 51.864 0.007838539707666794
4.84 --undefined-- 43.600 0.00302711700858953
4.85 --undefined-- 41.719 0.0024376779072380174
4.86 --undefined-- 41.756 0.0024481742084593665
4.87 --undefined-- 40.818 0.002197409300140074
4.88 --undefined-- 40.364 0.0020855159985772877
4.89 --undefined-- 40.792 0.0021910245534957798
4.90 --undefined-- 40.177 0.0020412376998596537
4.91 --undefined-- 39.269 0.0018386027200531147
4.92 --undefined-- 39.686 0.0019289206601383142
4.93 --undefined-- 40.294 0.002068889030189899
4.94 --undefined-- 40.173 0.0020402874457361307
4.95 --undefined-- 41.038 0.0022537842595546464
4.96 --undefined-- 41.794 0.0024589385590087893
4.97 --undefined-- 41.466 0.0023677506950342034
4.98 --undefined-- 41.021 0.0022495437663131407
4.99 --undefined-- 40.237 0.0020554321737056617
5.00 --undefined-- 39.973 0.001993686643725057
5.01 --undefined-- 40.721 0.0021730277536606336
5.02 --undefined-- 40.741 0.0021781899089028107
5.03 --undefined-- 40.248 0.0020578881882672537
5.04 --undefined-- 40.038 0.002008842912164537
5.05 --undefined-- 41.103 0.002270785958848034
5.06 --undefined-- 43.153 0.0028752284290235364
5.07 --undefined-- 45.334 0.003696160016467298
5.08 --undefined-- 49.156 0.005738732125986685
5.09 --undefined-- 55.252 0.011578242638556998
5.10 --undefined-- 65.557 0.0379199485838419
5.11 229.615 72.982 0.08915097963204395
5.12 223.056 77.071 0.14275501692182935
5.13 219.971 79.238 0.18320414993081335
5.14 215.980 80.510 0.2120891158413006
5.15 210.037 81.033 0.22526442578911884
5.16 201.283 81.121 0.22755179519703886
5.17 196.898 81.658 0.24205886124479167
5.18 194.579 82.234 0.25866649728734964
5.19 189.787 82.191 0.25739685623555136
5.20 183.013 81.456 0.236503455391364
5.21 174.873 80.125 0.20290682720548583
5.22 166.657 78.509 0.16845221900630428
5.23 159.233 77.188 0.14469340457655802
5.24 154.391 76.458 0.13301766273158863
5.25 150.766 75.867 0.12426737292809263
5.26 145.118 74.973 0.11212312739802241
5.27 140.082 73.879 0.09885113692280748
5.28 138.065 73.109 0.09046522529029949
5.29 132.461 72.658 0.08588338476116617
5.30 129.526 71.900 0.07871360948919753
5.31 131.197 70.556 0.06742678890462604
5.32 135.013 69.133 0.05723585429941708
5.33 131.145 68.149 0.05110568961852453
5.34 127.081 67.512 0.04749261228713547
5.35 126.072 67.049 0.04502545061763623
5.36 124.059 67.014 0.04484556230105748
5.37 119.017 67.361 0.04667703801881255
5.38 109.706 67.454 0.04717491556894941
5.39 --undefined-- 68.281 0.05189080564293116
5.40 121.893 70.268 0.06523046431370098
5.41 119.737 72.329 0.08269427756967845
5.42 123.497 74.172 0.10224686007813559
5.43 122.602 75.759 0.12273261197706427
5.44 124.958 77.148 0.14401772059823872
5.45 126.944 78.172 0.16203469948286037
5.46 130.989 78.365 0.16568187750675262
5.47 130.682 77.681 0.1531318766616424
5.48 128.088 76.958 0.1409128230018952
5.49 128.879 76.818 0.13866027896381247
5.50 127.922 77.073 0.14279088727344388
5.51 127.539 77.735 0.15409277566482465
5.52 130.726 78.681 0.17181956120978806
5.53 132.219 79.346 0.18548338968773373
5.54 132.590 79.591 0.19079534367146628
5.55 131.779 79.504 0.18889686590045682
5.56 131.888 79.133 0.18100798252092745
5.57 133.719 78.659 0.1713795392980975
5.58 132.943 78.079 0.16031309917600733
5.59 132.795 77.005 0.1416783257744379
5.60 133.066 75.277 0.11611229829735005
5.61 133.175 72.769 0.0869955383126443
5.62 133.006 69.139 0.05727938654827155
5.63 129.898 64.641 0.034124287682065435
5.64 126.519 60.450 0.021062984688533546
5.65 --undefined-- 56.505 0.01337468057213934
5.66 --undefined-- 55.240 0.011562260723358775
5.67 163.797 59.846 0.019649457718943872
5.68 161.241 65.205 0.036413354049408125
5.69 158.873 69.537 0.05996465061797136
5.70 162.587 72.782 0.0871268081363803
5.71 164.391 74.768 0.10950630791702147
5.72 163.279 75.536 0.11962395999521273
5.73 163.048 75.695 0.12184091287664857
5.74 162.403 75.778 0.12301209788921921
5.75 162.542 75.947 0.1254309369504467
5.76 162.313 76.198 0.12910711160366295
5.77 161.855 76.564 0.13466479974395232
5.78 160.952 76.944 0.14067600982231207
5.79 160.676 77.187 0.14466327205375643
5.80 159.393 77.312 0.14676790077037238
5.81 157.627 77.363 0.14762638282083568
5.82 155.527 77.319 0.1468896627292915
5.83 154.061 77.087 0.1430190330419523
5.84 152.320 76.845 0.13907913378957257
5.85 150.685 76.745 0.137498594704577
5.86 148.318 76.605 0.13529114749148916
5.87 145.312 76.265 0.1300988435784972
5.88 143.301 75.706 0.12198714638740261
5.89 141.415 74.934 0.11161206619345913
5.90 139.038 74.070 0.10104384302981394
5.91 136.960 73.068 0.09003548723587443
5.92 135.331 72.046 0.08003977581741
5.93 133.419 71.311 0.07355141847328582
5.94 131.612 71.120 0.07194737471913455
5.95 131.168 71.296 0.0734216898663335
5.96 126.331 71.558 0.07566791581811232
5.97 125.121 72.478 0.08412744178245225
5.98 127.920 73.754 0.09743606926140978
5.99 127.285 74.271 0.1034119218414305
6.00 127.451 74.105 0.10145569542595044
6.01 127.313 73.721 0.09707426813036846
6.02 127.157 72.976 0.08908762352979921
6.03 125.644 71.726 0.07714655475054241
6.04 125.884 70.353 0.06586956041915874
6.05 126.453 69.190 0.05761348545276639
6.06 126.128 67.531 0.04759890508207332
6.07 130.518 64.926 0.03526447929388953
6.08 132.922 62.540 0.026793654036066993
6.09 128.664 60.763 0.02183614766792208
6.10 127.464 57.843 0.015601850246781356
6.11 --undefined-- 53.461 0.009421115033531113
6.12 --undefined-- 49.895 0.006248416243370022
6.13 --undefined-- 46.827 0.00438928619501333
6.14 --undefined-- 43.040 0.0028380916062400612
6.15 --undefined-- 41.267 0.0023140649785593033
6.16 --undefined-- 42.196 0.0025754584985061653
6.17 --undefined-- 42.668 0.00271897702411909
6.18 --undefined-- 42.209 0.0025791851627301916
6.19 --undefined-- 41.319 0.0023280713004004087
6.20 --undefined-- 40.094 0.0020217980906367546
6.21 --undefined-- 39.094 0.0018018662447344361
6.22 --undefined-- 39.317 0.0018486885211499338
6.23 --undefined-- 38.928 0.0017678406479157494
6.24 --undefined-- 37.088 0.001430301357735262
6.25 --undefined-- 37.363 0.0014762566726431435
6.26 --undefined-- 38.770 0.0017358786468346396
6.27 --undefined-- 38.519 0.0016863906259174807
6.28 --undefined-- 37.821 0.0015562069274865562
6.29 --undefined-- 37.500 0.0014998042049751375
6.30 --undefined-- 36.828 0.0013881177219827736
6.31 --undefined-- 36.385 0.0013190825460332083
6.32 --undefined-- 36.237 0.00129685256085757
6.33 --undefined-- 37.054 0.001424695047000808
6.34 --undefined-- 37.724 0.0015389606150961186
6.35 --undefined-- 37.184 0.0014462267871161079
6.36 --undefined-- 36.249 0.0012985414178783754
6.37 --undefined-- 36.556 0.0013452804064379524
6.38 --undefined-- 37.030 0.0014208608368543308
6.39 --undefined-- 36.668 0.001362751882039883
6.40 --undefined-- 36.079 0.001273395052079028
6.41 --undefined-- 35.144 0.0011434186211507946
6.42 --undefined-- 35.197 0.0011504224659839232
6.43 --undefined-- 35.883 0.0012450424259405103
6.44 --undefined-- 36.104 0.0012771162321595436
6.45 --undefined-- 36.159 0.0012851542580254245
6.46 --undefined-- 36.532 0.0013415893205506863
6.47 --undefined-- 36.464 0.0013311219047894964
6.48 --undefined-- 35.313 0.0011659693272535168
6.49 --undefined-- 35.069 0.0011336930684311443
6.50 --undefined-- 35.954 0.0012553211178825494
6.51 --undefined-- 36.879 0.0013963759397675399
6.52 --undefined-- 37.302 0.0014660030287422033
6.53 --undefined-- 37.022 0.0014194067418962948
6.54 --undefined-- 36.898 0.0013993478205939892
6.55 --undefined-- 37.164 0.0014428180255957347
6.56 --undefined-- 37.072 0.0014277138085848674
6.57 --undefined-- 36.523 0.0013401813231052704
6.58 --undefined-- 36.511 0.0013383073075661765
6.59 --undefined-- 37.305 0.0014664882638432718
6.60 --undefined-- 37.927 0.0015754154110753664
6.61 --undefined-- 37.579 0.001513563658325703
6.62 --undefined-- 36.620 0.001355321074892892
6.63 --undefined-- 35.854 0.0012408552214471685
6.64 --undefined-- 35.515 0.0011933387909710373
6.65 --undefined-- 35.567 0.0012005592596288867
6.66 --undefined-- 36.380 0.0013182840028936546
6.67 --undefined-- 37.242 0.0014558915984113408
6.68 --undefined-- 38.011 0.001590696728885105
6.69 --undefined-- 38.275 0.0016397328485393803
6.70 --undefined-- 37.723 0.0015387738978665142
6.71 --undefined-- 36.330 0.0013107184170409966
6.72 --undefined-- 35.057 0.0011320800976258555
6.73 --undefined-- 36.142 0.0012827359568160673
6.74 --undefined-- 37.463 0.0014934947375544038
6.75 --undefined-- 37.215 0.001451449016074764
6.76 --undefined-- 36.553 0.0013449334062595152
6.77 --undefined-- 36.771 0.001379061788647033
6.78 --undefined-- 37.142 0.001439217861929054
6.79 --undefined-- 36.990 0.0014141829088924831
6.80 --undefined-- 37.184 0.0014462428830706296
6.81 --undefined-- 36.838 0.001389780092949493
6.82 --undefined-- 35.618 0.0012076781737162944
6.83 --undefined-- 35.378 0.0011746722272027014
6.84 --undefined-- 35.980 0.0012590490211806266
6.85 --undefined-- 36.432 0.0013262488478413051
6.86 --undefined-- 36.768 0.0013785482536503564
6.87 --undefined-- 36.497 0.001336207024742949
6.88 --undefined-- 35.826 0.00123695618297126
6.89 --undefined-- 35.329 0.0011681217011119574
6.90 --undefined-- 35.254 0.0011579998841719317
6.91 --undefined-- 36.687 0.0013658207046474218
6.92 --undefined-- 38.099 0.0016068804322228406
6.93 --undefined-- 37.713 0.0015369576389613652
6.94 --undefined-- 36.032 0.0012665420741361363
6.95 --undefined-- 35.792 0.0012320031993605547
6.96 --undefined-- 37.292 0.001464335019641044
6.97 --undefined-- 38.525 0.0016876738214824094
6.98 --undefined-- 38.438 0.0016708686419082276
6.99 --undefined-- 37.617 0.0015201961296367038
7.00 --undefined-- 37.205 0.0014497451633800405
7.01 --undefined-- 36.988 0.0014139157711241075
7.02 --undefined-- --undefined-- --undefined--
7.03 --undefined-- --undefined-- --undefined--
7.04 --undefined-- --undefined-- --undefined--
7.05 --undefined-- --undefined-- --undefined--
