Here are the results for Channel 1 (nasal): time - pitch(Hz) - Amplitude(dB) - RMSqIntensity(Pa)
0.01 --undefined-- --undefined-- --undefined--
0.02 --undefined-- --undefined-- --undefined--
0.03 --undefined-- --undefined-- --undefined--
0.04 --undefined-- --undefined-- --undefined--
0.05 --undefined-- 32.825 0.0008755807348863717
0.06 --undefined-- 34.164 0.0010215298019884533
0.07 --undefined-- 33.679 0.0009660207197664151
0.08 --undefined-- 32.337 0.0008277274815122434
0.09 --undefined-- 32.354 0.0008293387132188686
0.10 --undefined-- 32.017 0.0007977308198810824
0.11 --undefined-- 31.897 0.0007868601893958286
0.12 --undefined-- 33.481 0.0009442396429546658
0.13 --undefined-- 34.752 0.0010930136584187246
0.14 --undefined-- 34.384 0.001047731362538606
0.15 --undefined-- 33.641 0.0009618029955782848
0.16 --undefined-- 33.645 0.0009622126426975938
0.17 --undefined-- 34.171 0.0010222698221801951
0.18 --undefined-- 34.083 0.0010119908744879668
0.19 --undefined-- 32.818 0.0008748462075879046
0.20 --undefined-- 31.450 0.0007473477909293888
0.21 --undefined-- 31.097 0.0007175951444902967
0.22 --undefined-- 31.422 0.000744917836124606
0.23 --undefined-- 32.598 0.0008529547386749271
0.24 --undefined-- 34.935 0.0011162338307345308
0.25 --undefined-- 40.887 0.002214963089013971
0.26 --undefined-- 48.271 0.005183024448964716
0.27 --undefined-- 53.239 0.00918254884252494
0.28 100.711 55.439 0.011829729447611013
0.29 102.078 56.163 0.012858010625485932
0.30 102.646 57.009 0.014173682965415147
0.31 102.986 58.606 0.017034838971404495
0.32 104.217 62.838 0.02773028414203408
0.33 104.771 67.187 0.045746376380599155
0.34 103.116 69.407 0.05907070836924022
0.35 103.076 70.204 0.06474853077374652
0.36 103.438 70.585 0.06765188194514989
0.37 103.721 70.767 0.06908470000973865
0.38 105.202 70.855 0.06978454459193867
0.39 106.484 71.039 0.07128122616873248
0.40 107.832 71.541 0.07552514166209767
0.41 110.376 72.315 0.08255984252862858
0.42 111.959 72.984 0.08917629910065336
0.43 113.486 73.170 0.09110346274692435
0.44 114.173 72.341 0.08281213955696813
0.45 113.854 69.763 0.061540959473305255
0.46 116.096 65.380 0.0371572809276835
0.47 120.176 62.199 0.02576068004946102
0.48 121.183 61.991 0.025151944990321782
0.49 122.428 62.613 0.027018536878606884
0.50 124.697 64.209 0.03246971473659705
0.51 130.614 67.519 0.047529505834247664
0.52 130.720 70.227 0.06492218604980708
0.53 129.188 71.029 0.07120256489179895
0.54 129.127 70.653 0.06818104875857774
0.55 130.246 70.257 0.06514835808853502
0.56 131.644 70.199 0.06471366314728497
0.57 132.189 70.223 0.06489367885846842
0.58 131.904 70.155 0.06438073916547998
0.59 131.293 69.948 0.06286752514202888
0.60 130.081 69.035 0.05659227791231792
0.61 128.619 66.601 0.0427641593715643
0.62 126.315 63.277 0.02916502621212871
0.63 127.488 61.853 0.02475711691985052
0.64 125.338 61.605 0.024060405314872593
0.65 123.237 61.323 0.02329121742305731
0.66 121.001 61.048 0.022565927952707045
0.67 118.671 60.988 0.022408882896559654
0.68 117.015 61.301 0.02323129392785598
0.69 115.767 63.006 0.028270978930048637
0.70 112.208 66.196 0.04081674602371062
0.71 109.885 68.638 0.05406810240697811
0.72 109.101 69.823 0.06197257492361027
0.73 108.122 70.243 0.0650427624091469
0.74 107.192 70.325 0.06566040062714226
0.75 106.998 70.316 0.06559169949368753
0.76 106.158 70.371 0.0660022857545242
0.77 105.352 70.494 0.06694861666681876
0.78 104.927 70.617 0.06790000699646602
0.79 104.934 70.696 0.06852198313611815
0.80 105.027 70.564 0.06748615579434114
0.81 105.029 70.139 0.0642658305860867
0.82 105.275 69.299 0.0583414053463343
0.83 105.042 67.741 0.048762651558210766
0.84 104.792 65.322 0.03690826608149058
0.85 105.331 62.314 0.026105902573999685
0.86 105.268 59.228 0.018299272026626966
0.87 104.848 55.874 0.012437395155655392
0.88 102.353 51.531 0.007543984541188068
0.89 --undefined-- 46.218 0.004092123731677033
0.90 --undefined-- 41.431 0.0023580847722915956
0.91 --undefined-- 39.620 0.0019143962148118132
0.92 --undefined-- 39.647 0.001920335364897657
0.93 --undefined-- 41.656 0.0024200177482360786
0.94 --undefined-- 47.738 0.0048742282005454765
0.95 --undefined-- 51.437 0.007462574021888866
0.96 --undefined-- 51.120 0.007195397903425344
0.97 --undefined-- 48.504 0.005324183428349913
0.98 --undefined-- 47.550 0.004770362263048995
0.99 --undefined-- 48.297 0.005198764464597997
1.00 --undefined-- 49.885 0.006241244770439112
1.01 --undefined-- 50.763 0.0069052324248420945
1.02 --undefined-- 50.851 0.006975643064828729
1.03 --undefined-- 53.388 0.009341283137880144
1.04 --undefined-- 59.377 0.018616251722211118
1.05 --undefined-- 63.569 0.030164284441523477
1.06 98.062 65.154 0.03620291141783679
1.07 97.078 64.210 0.03247194180343411
1.08 95.090 61.021 0.022493613394950745
1.09 96.149 58.025 0.015932883750735698
1.10 94.759 57.412 0.014846643650062236
1.11 93.337 57.305 0.01466489207607754
1.12 92.107 57.227 0.014533275125668203
1.13 91.422 57.387 0.014804579722968978
1.14 91.107 57.586 0.01514745466757108
1.15 91.320 57.651 0.01526004242740773
1.16 92.310 57.887 0.015681258885631526
1.17 93.719 58.435 0.016702632786112948
1.18 92.844 58.604 0.017030204767681276
1.19 93.371 58.542 0.016908925697482237
1.20 93.225 58.753 0.017324387091049064
1.21 93.041 58.925 0.017670993625524153
1.22 92.849 58.774 0.017367550495887073
1.23 93.193 58.587 0.016996843096661215
1.24 94.041 60.259 0.020605863069854465
1.25 97.188 64.722 0.03444382686710527
1.26 99.633 68.162 0.05118119117926028
1.27 100.055 69.868 0.06228928210131284
1.28 100.796 70.474 0.06679299695646974
1.29 101.505 70.435 0.06649606216978317
1.30 101.168 69.778 0.061648942320997116
1.31 100.530 67.745 0.048784769521893645
1.32 98.241 63.759 0.03083151044411891
1.33 104.076 59.551 0.01899253451865499
1.34 105.367 58.374 0.016585559198086484
1.35 106.355 58.404 0.016642634811400513
1.36 107.479 58.746 0.017311458245281748
1.37 108.789 60.707 0.021695436536276376
1.38 111.770 64.344 0.03297935861296381
1.39 111.529 66.931 0.04441802948279591
1.40 111.557 67.854 0.04940010841516997
1.41 111.551 67.389 0.04682632917919651
1.42 111.109 65.511 0.03772196364202281
1.43 109.566 62.245 0.025898249063897694
1.44 112.717 59.478 0.018832948276902958
1.45 112.389 58.974 0.017771077882432294
1.46 113.143 59.075 0.017979591881514243
1.47 113.433 59.157 0.01814952013466287
1.48 113.714 59.111 0.018055262432855202
1.49 113.848 59.042 0.017911950620845253
1.50 113.647 58.924 0.017670405402449435
1.51 112.274 58.374 0.016586488642684832
1.52 109.944 56.878 0.013960690539380599
1.53 106.771 54.211 0.010270003308717501
1.54 99.994 51.549 0.007559610826539166
1.55 --undefined-- 51.557 0.0075661924170003555
1.56 --undefined-- 51.763 0.0077476192924936325
1.57 --undefined-- 49.616 0.006050986199663616
1.58 --undefined-- 52.192 0.008139781325948397
1.59 --undefined-- 61.441 0.023609215627841244
1.60 --undefined-- 66.911 0.04431940030623146
1.61 111.427 69.420 0.059161570228206624
1.62 105.385 70.402 0.06624038877279455
1.63 103.722 70.692 0.06849203086597766
1.64 101.264 70.448 0.0665937278529022
1.65 99.607 69.692 0.061044805838839
1.66 98.064 68.458 0.052959577515424
1.67 96.981 67.120 0.04539492772267239
1.68 96.709 66.259 0.04111285161873012
1.69 97.095 65.783 0.03891900287706085
1.70 96.334 65.193 0.03636411949601537
1.71 95.777 64.447 0.03337144223237019
1.72 94.539 63.702 0.03062895614933845
1.73 93.579 62.916 0.027979641060094308
1.74 93.383 62.327 0.026145295336998255
1.75 92.609 61.901 0.024893309792458445
1.76 91.838 61.413 0.023533499085237643
1.77 91.506 61.204 0.02297413612596662
1.78 90.368 61.139 0.022802990802231745
1.79 90.157 60.993 0.022422240966063725
1.80 91.036 60.774 0.021864727713736758
1.81 90.391 60.281 0.020657973281746886
1.82 89.369 59.559 0.019009338184547968
1.83 87.963 58.861 0.017542532843900106
1.84 86.052 57.656 0.01527016522973232
1.85 84.414 55.337 0.011691400749519016
1.86 85.886 53.309 0.009257191692751793
1.87 85.287 52.531 0.00846381429164583
1.88 83.964 51.581 0.00758715129192903
1.89 83.196 50.082 0.006384315162183429
1.90 81.499 48.291 0.005194829472124736
1.91 80.610 46.479 0.004216797554942064
1.92 --undefined-- 44.764 0.0034610329087019086
1.93 --undefined-- 42.638 0.0027096639631765773
1.94 --undefined-- 39.571 0.001903689570168787
1.95 --undefined-- 36.299 0.0013060682098597247
1.96 --undefined-- 35.051 0.0011313459346220414
1.97 --undefined-- 34.861 0.0011067696497616623
1.98 --undefined-- 34.161 0.0010211575282199122
1.99 --undefined-- 33.554 0.0009521589589845355
2.00 --undefined-- 33.465 0.0009424721898865533
2.01 --undefined-- 33.248 0.0009192278239118651
2.02 --undefined-- 33.121 0.0009059323551702151
2.03 --undefined-- 33.592 0.0009563335487845586
2.04 --undefined-- 33.255 0.0009200078167321561
2.05 --undefined-- 31.576 0.0007582705011656791
2.06 --undefined-- 30.125 0.0006416223156956294
2.07 --undefined-- 29.663 0.0006083945615988479
2.08 --undefined-- 30.106 0.0006402194400300408
2.09 --undefined-- 30.735 0.0006883044587359343
2.10 --undefined-- 30.705 0.0006859039207533961
2.11 --undefined-- 31.611 0.0007613092627709999
2.12 --undefined-- 33.272 0.0009217352439873261
2.13 --undefined-- 33.911 0.0009921641251601284
2.14 --undefined-- 33.588 0.0009559793994556416
2.15 --undefined-- 32.535 0.0008468086445659207
2.16 --undefined-- 32.125 0.000807755401950643
2.17 --undefined-- 32.576 0.0008507659878774488
2.18 --undefined-- 32.462 0.00083975808854319
2.19 --undefined-- 31.919 0.0007888048482227592
2.20 --undefined-- 32.373 0.0008311114121009232
2.21 --undefined-- 33.996 0.0010019027566012713
2.22 --undefined-- 34.558 0.0010688992185649312
2.23 --undefined-- 33.068 0.000900414734733412
2.24 --undefined-- 31.443 0.0007467568217071313
2.25 --undefined-- 31.329 0.0007370069348194471
2.26 --undefined-- 32.863 0.0008794175891297774
2.27 --undefined-- 34.892 0.0011107979793851682
2.28 --undefined-- 34.831 0.0011029864389069167
2.29 --undefined-- 33.469 0.0009428838979138141
2.30 --undefined-- 32.614 0.0008545311761904039
2.31 --undefined-- 31.964 0.0007929540892836213
2.32 --undefined-- 32.048 0.0008006047254308766
2.33 --undefined-- 32.625 0.0008556023562475511
2.34 --undefined-- 32.839 0.0008770055614512439
2.35 --undefined-- 32.241 0.0008186401557045567
2.36 --undefined-- 30.721 0.0006871722868825897
2.37 --undefined-- 30.843 0.0006969355183932403
2.38 --undefined-- 33.107 0.0009044293020048491
2.39 --undefined-- 34.241 0.0010305939212706572
2.40 --undefined-- 35.172 0.001147219459179858
2.41 --undefined-- 37.408 0.0014840710388866866
2.42 --undefined-- 38.832 0.001748440582904373
2.43 --undefined-- 39.053 0.0017934246674767224
2.44 --undefined-- 39.007 0.001783929231574399
2.45 --undefined-- 41.404 0.0023507864245294508
2.46 --undefined-- 49.041 0.005663471344389066
2.47 --undefined-- 55.149 0.011441238383121513
2.48 109.994 58.070 0.016014252431530023
2.49 111.578 58.946 0.017714479039232806
2.50 111.857 59.386 0.01863570805280498
2.51 110.944 59.844 0.01964334196571989
2.52 110.080 60.136 0.02031597374149472
2.53 109.499 60.414 0.020977187440977894
2.54 109.354 60.718 0.02172243386087757
2.55 109.881 60.928 0.022256225612313985
2.56 110.670 61.886 0.024851071082266783
2.57 111.734 65.381 0.03716214501149122
2.58 114.037 69.170 0.05747959321653524
2.59 112.226 71.340 0.0737919597834255
2.60 111.737 72.179 0.08128017432642631
2.61 111.821 72.348 0.08287792794613554
2.62 112.215 72.227 0.08172585301719541
2.63 112.928 72.011 0.0797213099005406
2.64 113.364 71.782 0.07764814191055763
2.65 113.439 71.585 0.07590583010574967
2.66 114.384 71.442 0.07466452153657821
2.67 115.539 71.316 0.0735926663423425
2.68 116.224 71.184 0.07248420035252873
2.69 117.004 71.049 0.0713673530367961
2.70 116.957 70.849 0.0697417240014744
2.71 116.999 70.582 0.06763165020694592
2.72 117.387 70.435 0.06649135465586309
2.73 117.253 70.200 0.06472151017200387
2.74 116.629 69.165 0.057446814514377435
2.75 115.910 66.747 0.043487827110718205
2.76 120.883 64.017 0.031760583618895666
2.77 122.569 63.445 0.029734607643414894
2.78 122.977 64.042 0.03185085176012963
2.79 123.304 64.622 0.034050868749839515
2.80 123.682 65.029 0.035685468133416554
2.81 123.915 65.271 0.036691269927623296
2.82 124.732 65.899 0.039445899668379227
2.83 128.494 68.141 0.05105996115439107
2.84 127.514 70.250 0.06508961555027537
2.85 125.860 70.683 0.0684204257936589
2.86 124.915 70.373 0.06602071142874147
2.87 124.303 70.245 0.06505660090938595
2.88 123.884 70.210 0.06479440778293724
2.89 123.684 70.201 0.064726178098356
2.90 123.328 70.239 0.06500644242053885
2.91 123.412 70.346 0.06581444997698575
2.92 122.998 70.386 0.06611840398243137
2.93 122.315 70.263 0.06519151310140595
2.94 122.307 70.167 0.0644738145121269
2.95 122.584 70.072 0.06377077508192612
2.96 122.731 69.598 0.060383608185360114
2.97 121.887 68.183 0.05130493973585104
2.98 121.414 65.927 0.03957167113782796
2.99 123.685 64.480 0.0334983204021718
3.00 122.843 64.107 0.03209109978368853
3.01 121.649 63.790 0.030940705193197603
3.02 120.545 63.511 0.02996208610561812
3.03 119.857 63.446 0.029739698227557395
3.04 119.272 63.512 0.029966578038999384
3.05 118.496 63.920 0.03140836425597497
3.06 118.365 65.296 0.0367982344365968
3.07 116.769 66.757 0.04353905494264118
3.08 114.757 67.264 0.04615738842437112
3.09 113.748 66.997 0.04475816154604798
3.10 113.074 66.536 0.0424456796352417
3.11 112.742 66.180 0.04074167938229798
3.12 112.125 65.911 0.03949702554858659
3.13 111.763 65.763 0.03883137076124618
3.14 111.091 65.638 0.038274288965624584
3.15 110.719 65.509 0.0377134538282035
3.16 110.894 65.500 0.03767479830219386
3.17 111.349 65.673 0.038429356815658886
3.18 111.827 65.939 0.039627564641976
3.19 112.063 66.028 0.04003416843070951
3.20 112.295 65.892 0.03941041679151236
3.21 112.503 65.608 0.038145190845742284
3.22 112.456 64.940 0.03531938819187669
3.23 112.119 63.632 0.030382232411715053
3.24 111.618 61.853 0.02475689851432381
3.25 111.840 60.518 0.021228282380690404
3.26 111.991 59.957 0.019902003282976248
3.27 110.721 59.163 0.018163462528425184
3.28 109.451 57.123 0.014360281600769296
3.29 101.282 53.405 0.009360462465857687
3.30 --undefined-- 48.939 0.005597400182622945
3.31 --undefined-- 45.188 0.003634235144365401
3.32 --undefined-- 43.065 0.0028463780128617625
3.33 --undefined-- 43.004 0.002826283216573002
3.34 --undefined-- 41.858 0.002476924304156938
3.35 --undefined-- 40.337 0.0020792369954456083
3.36 --undefined-- 40.159 0.002036998684383859
3.37 --undefined-- 39.600 0.0019099500746274718
3.38 --undefined-- 38.564 0.0016952390635115837
3.39 --undefined-- 39.889 0.0019745335997223275
3.40 --undefined-- 41.632 0.002413378468905584
3.41 --undefined-- 42.717 0.002734448511390392
3.42 --undefined-- 45.075 0.003587300177346373
3.43 --undefined-- 52.341 0.008280539047002334
3.44 --undefined-- 59.403 0.018671423344965042
3.45 118.185 63.482 0.029864032807777295
3.46 114.598 65.348 0.03701747283067645
3.47 111.960 65.643 0.0382998554497438
3.48 108.555 64.142 0.032220714821295494
3.49 103.543 60.955 0.02232531892805565
3.50 102.071 58.687 0.01719345645153361
3.51 99.343 58.409 0.016653133167280516
3.52 97.187 58.279 0.01640593701460958
3.53 95.196 57.899 0.015702032662968664
3.54 94.265 57.589 0.015151854781324024
3.55 93.800 57.399 0.014824480775359241
3.56 93.680 57.117 0.014351497263896671
3.57 93.733 56.942 0.014064847945789254
3.58 95.218 57.164 0.014429540493343282
3.59 96.095 57.531 0.015051436181804762
3.60 95.468 57.745 0.015427264809033631
3.61 95.399 57.860 0.015633036341973904
3.62 95.651 57.990 0.015869085955119374
3.63 95.898 58.159 0.016180850368294118
3.64 96.627 58.681 0.01718245133829441
3.65 97.617 60.465 0.021098834257777314
3.66 98.676 63.259 0.029104535243356246
3.67 100.139 65.655 0.038349339672849043
3.68 101.634 67.068 0.04512743437309375
3.69 103.490 67.706 0.04856458252309875
3.70 104.859 67.797 0.049078105836014116
3.71 105.950 67.083 0.04520275249467597
3.72 106.087 65.042 0.03573993122205691
3.73 106.750 61.939 0.025002874123024516
3.74 109.309 59.823 0.019596191000170515
3.75 110.608 59.474 0.018823820006686948
3.76 111.207 59.698 0.019316516662285697
3.77 111.099 60.077 0.0201776136237618
3.78 111.223 61.303 0.023235958423013042
3.79 112.138 63.979 0.031621710210047435
3.80 110.563 66.344 0.04151729864551239
3.81 109.163 67.379 0.04677171738808267
3.82 108.379 67.376 0.0467542646737867
3.83 107.835 66.745 0.04347697753308775
3.84 107.379 65.499 0.03766768505397983
3.85 107.193 63.211 0.02894659372756409
3.86 106.370 59.861 0.01968303427225873
3.87 108.831 57.591 0.015154993881231702
3.88 109.473 57.237 0.014550254217675784
3.89 110.073 57.472 0.014950157045520216
3.90 110.402 57.844 0.015603145370060138
3.91 109.416 58.040 0.01596077022314203
3.92 108.497 58.008 0.015902086243879125
3.93 107.832 57.689 0.015327526118264856
3.94 105.727 56.885 0.013972962283615224
3.95 102.790 55.173 0.011472655309008786
3.96 97.515 52.223 0.008168761745317438
3.97 91.277 48.325 0.005215423187941899
3.98 --undefined-- 44.666 0.0034224044263108065
3.99 --undefined-- 44.777 0.0034663747550073955
4.00 --undefined-- 47.299 0.004634486666651789
4.01 101.656 49.894 0.006247816732239187
4.02 103.201 52.215 0.008161749708586763
4.03 103.277 54.789 0.010977071787815595
4.04 105.205 56.952 0.014080621248127945
4.05 106.898 58.605 0.017032197745519718
4.06 110.177 60.763 0.02183540168687207
4.07 111.826 63.434 0.029698906119727756
4.08 110.432 65.330 0.036942696532295455
4.09 109.728 66.053 0.04014801566718798
4.10 109.208 66.139 0.04054718201286592
4.11 108.600 66.027 0.04002934448160693
4.12 107.392 65.847 0.039208451346450804
4.13 106.448 65.642 0.03829321216182338
4.14 105.396 65.551 0.037893727019543834
4.15 104.295 65.622 0.03820598588043982
4.16 103.651 65.749 0.03876721246298157
4.17 103.147 65.899 0.03944314549079838
4.18 101.902 65.986 0.039838862980955965
4.19 100.885 65.803 0.039010614098473256
4.20 99.711 65.208 0.036426526565503714
4.21 98.374 64.369 0.0330746157846143
4.22 97.560 63.825 0.031066906166519928
4.23 97.221 63.795 0.030958437842373118
4.24 97.104 63.819 0.03104399375963784
4.25 97.072 63.764 0.03084868508474048
4.26 96.321 63.495 0.029908749919632313
4.27 95.226 62.422 0.02643282454882177
4.28 90.533 59.865 0.01969238493606604
4.29 89.817 56.164 0.01285955251259633
4.30 89.180 53.589 0.009560172027580768
4.31 87.924 52.052 0.00801011319981911
4.32 85.710 50.068 0.006374442131296481
4.33 84.464 47.264 0.004615515010531632
4.34 --undefined-- 43.649 0.0030441534917174558
4.35 --undefined-- 39.595 0.0019089427542617731
4.36 --undefined-- 37.174 0.001444479844751293
4.37 --undefined-- 37.028 0.0014203967717547252
4.38 --undefined-- 36.459 0.001330371688555253
4.39 --undefined-- 35.415 0.0011797659050660986
4.40 --undefined-- 34.347 0.0010432700820523278
4.41 --undefined-- 33.504 0.0009466943433351407
4.42 --undefined-- 33.826 0.000982486049627469
4.43 --undefined-- 33.883 0.0009889163103431553
4.44 --undefined-- 33.999 0.0010022620256249879
4.45 --undefined-- 33.765 0.0009756701562828784
4.46 --undefined-- 32.863 0.0008794128475436325
4.47 --undefined-- 32.415 0.0008351330675435394
4.48 --undefined-- 32.377 0.0008315013466725864
4.49 --undefined-- 32.405 0.0008342416599119639
4.50 --undefined-- 32.028 0.00079875485429978
4.51 --undefined-- 31.628 0.0007628455049805268
4.52 --undefined-- 32.112 0.000806556422545517
4.53 --undefined-- 33.085 0.0009021766627749324
4.54 --undefined-- 33.489 0.0009451519227765282
4.55 --undefined-- 32.599 0.0008530191298825506
4.56 --undefined-- 31.475 0.0007494759926766548
4.57 --undefined-- 31.888 0.0007860014104175523
4.58 --undefined-- 32.968 0.0008900510638773381
4.59 --undefined-- 32.974 0.0008907120694559051
4.60 --undefined-- 32.514 0.0008447460379002727
4.61 --undefined-- 34.012 0.001003728030099576
4.62 --undefined-- 34.782 0.0010968299906541018
4.63 --undefined-- 33.375 0.0009327839977687975
4.64 --undefined-- 31.979 0.0007943008054940209
4.65 --undefined-- 32.868 0.0008799176228293606
4.66 --undefined-- 33.319 0.0009268072295063725
4.67 --undefined-- 32.634 0.0008564858239180419
4.68 --undefined-- 32.911 0.0008843099330533644
4.69 --undefined-- 33.021 0.0008955683245848616
4.70 --undefined-- 31.976 0.0007940232466220396
4.71 --undefined-- 31.486 0.0007504658553471458
4.72 --undefined-- 32.457 0.0008391918267181322
4.73 --undefined-- 33.042 0.000897664447916474
4.74 --undefined-- 32.517 0.0008450463791257706
4.75 --undefined-- 32.468 0.0008402844790220224
4.76 --undefined-- 33.231 0.0009174659954467338
4.77 --undefined-- --undefined-- --undefined--
4.78 --undefined-- --undefined-- --undefined--
4.79 --undefined-- --undefined-- --undefined--
4.80 --undefined-- --undefined-- --undefined--
Here are the results for channel 2 (oral): time - pitch(Hz) - Amplitude(dB) - RMSqIntensity(Pa)
0.01 --undefined-- --undefined-- --undefined--
0.02 --undefined-- --undefined-- --undefined--
0.03 --undefined-- --undefined-- --undefined--
0.04 --undefined-- --undefined-- --undefined--
0.05 --undefined-- 30.788 0.0006924922281573992
0.06 --undefined-- 31.650 0.0007647261197568903
0.07 --undefined-- 31.624 0.0007624440161391286
0.08 --undefined-- 31.822 0.0007800920492450636
0.09 --undefined-- 32.790 0.0008720660585341941
0.10 --undefined-- 31.873 0.0007846590905271505
0.11 --undefined-- 30.020 0.0006338816472784631
0.12 --undefined-- 30.244 0.0006504444773444845
0.13 --undefined-- 31.293 0.0007339887914852257
0.14 --undefined-- 31.600 0.0007604030673256147
0.15 --undefined-- 32.375 0.0008313596238153723
0.16 --undefined-- 35.500 0.0011913560814209008
0.17 --undefined-- 37.903 0.0015710104032547428
0.18 --undefined-- 37.730 0.001540039823364963
0.19 --undefined-- 36.043 0.0012681896447189194
0.20 --undefined-- 36.495 0.0013358700492998015
0.21 --undefined-- 37.874 0.0015657085321698484
0.22 --undefined-- 38.037 0.0015954355552357854
0.23 --undefined-- 39.815 0.001957899199486994
0.24 --undefined-- 44.574 0.0033864385638595193
0.25 --undefined-- 52.660 0.008590375723598564
0.26 --undefined-- 60.324 0.020759914937920683
0.27 --undefined-- 65.289 0.03676794846038976
0.28 100.553 67.494 0.047394263204903204
0.29 102.018 68.127 0.05097877216607945
0.30 102.696 68.669 0.05425882768635572
0.31 102.830 69.195 0.05764964637764138
0.32 103.133 69.499 0.05970088925303527
0.33 106.523 69.663 0.06084131918655116
0.34 104.474 69.457 0.059414150515394434
0.35 102.905 69.055 0.056728491770738985
0.36 103.253 69.032 0.05657762592892279
0.37 103.749 69.198 0.05766995244697367
0.38 105.130 69.590 0.060329174857107926
0.39 106.354 70.202 0.06473388945715405
0.40 107.776 70.964 0.07066851312703158
0.41 109.964 71.985 0.07948334952460157
0.42 111.632 73.079 0.09014880307355339
0.43 113.186 73.865 0.09869329004777608
0.44 113.953 73.963 0.099816428520909
0.45 113.739 73.453 0.0941170132555387
0.46 118.485 73.237 0.09180776924920138
0.47 120.212 73.492 0.0945414914134727
0.48 120.991 73.775 0.09767575672030203
0.49 122.604 74.159 0.10208656219221425
0.50 124.761 74.608 0.10750369807682275
0.51 128.140 74.701 0.1086616602384063
0.52 131.358 73.959 0.09976914164234814
0.53 129.046 72.583 0.08514430427827167
0.54 129.175 71.512 0.07527241693359821
0.55 130.383 71.051 0.07138297796828379
0.56 131.641 70.862 0.06984462856469131
0.57 132.303 70.794 0.06929953271422266
0.58 132.095 70.836 0.06963810742447156
0.59 131.385 70.980 0.07079998935993544
0.60 129.457 71.121 0.07195822693715509
0.61 127.069 71.835 0.07812190992032977
0.62 128.608 73.279 0.09225032233829165
0.63 127.574 74.123 0.10166369323559908
0.64 125.296 74.125 0.10168801477009579
0.65 123.113 73.776 0.09768511304335115
0.66 120.915 73.384 0.0933801843158107
0.67 118.645 73.066 0.09001965889935215
0.68 116.753 72.876 0.08807127323353936
0.69 115.059 72.727 0.08656821780761598
0.70 114.006 72.761 0.08691639353400364
0.71 110.641 73.266 0.09211304907427179
0.72 109.153 73.764 0.09754542377045707
0.73 108.273 73.923 0.09935532171248596
0.74 107.385 73.871 0.09876003653887398
0.75 106.922 73.829 0.09827808743081722
0.76 106.143 73.899 0.09908148250909146
0.77 105.411 74.056 0.1008822730172094
0.78 104.949 74.166 0.10217184593237241
0.79 104.967 74.226 0.1028740102384692
0.80 105.120 74.193 0.10249396193128367
0.81 105.232 73.974 0.09994054924546295
0.82 105.411 73.637 0.09613663883978531
0.83 105.196 73.154 0.09093311694928433
0.84 105.105 72.461 0.08396597143710495
0.85 105.418 71.514 0.0752896694939865
0.86 105.443 69.980 0.06310061832808678
0.87 104.899 67.261 0.04613929427655762
0.88 102.195 62.727 0.027375720557631593
0.89 99.595 55.940 0.012532648465709034
0.90 --undefined-- 46.848 0.004399695517196195
0.91 --undefined-- 38.691 0.0017201089854966265
0.92 --undefined-- 36.462 0.0013308440456304862
0.93 --undefined-- 35.256 0.0011583802620003386
0.94 --undefined-- 37.111 0.0014340987336624673
0.95 --undefined-- 40.250 0.002058319856565305
0.96 --undefined-- 40.523 0.0021242258465988414
0.97 --undefined-- 38.568 0.0016960819103951166
0.98 --undefined-- 37.361 0.0014760510853093806
0.99 --undefined-- 38.785 0.0017389292344142297
1.00 --undefined-- 43.554 0.0030112490199106223
1.01 --undefined-- 46.989 0.004471805815688465
1.02 --undefined-- 47.688 0.004846579694732774
1.03 --undefined-- 50.637 0.006805674961792568
1.04 --undefined-- 58.483 0.016795626289557893
1.05 --undefined-- 64.318 0.032881181342929874
1.06 98.709 67.571 0.04781886777137267
1.07 96.339 69.089 0.056945769961586915
1.08 96.075 69.843 0.062110818197629654
1.09 96.273 70.193 0.06466848716806468
1.10 94.861 70.237 0.06499841170828297
1.11 93.494 70.110 0.06405330048165588
1.12 92.277 69.943 0.06283409371733224
1.13 91.513 69.900 0.06251979019665321
1.14 91.190 69.907 0.0625698094120548
1.15 91.210 69.787 0.06171321071053024
1.16 91.499 69.426 0.0591989752641032
1.17 93.378 68.835 0.05530591224160087
1.18 93.016 68.145 0.05108418654063569
1.19 93.312 67.739 0.04875124186773099
1.20 93.218 67.760 0.04886628440706115
1.21 93.015 67.978 0.05011270531356619
1.22 92.943 68.218 0.051512705568000576
1.23 93.104 68.345 0.05227394954586161
1.24 93.931 68.388 0.05253505802287685
1.25 97.050 68.623 0.05397252592170034
1.26 100.905 68.771 0.054903310768368005
1.27 100.193 68.419 0.052721201774085055
1.28 100.709 68.210 0.0514692877776484
1.29 101.517 68.582 0.05371797049258042
1.30 101.096 69.078 0.056875222167645345
1.31 99.292 69.674 0.06091356551986019
1.32 100.889 70.435 0.06649416678953897
1.33 104.137 70.658 0.06821957224267475
1.34 105.483 70.427 0.06642972198054384
1.35 106.724 70.290 0.0653938269536823
1.36 107.719 70.341 0.06577963352948102
1.37 108.274 70.525 0.06718474540955306
1.38 111.374 70.880 0.06999229280492918
1.39 112.338 71.214 0.07273244213196538
1.40 111.857 71.302 0.07347681739802725
1.41 111.610 71.043 0.07131717550980417
1.42 110.523 70.581 0.06762369488119183
1.43 111.104 70.588 0.0676753535263677
1.44 112.960 70.933 0.07042135089317744
1.45 112.510 71.078 0.07160505073840356
1.46 113.293 71.177 0.07242205394736626
1.47 113.474 71.340 0.07379315544723046
1.48 113.729 71.469 0.07489972075526552
1.49 113.750 71.559 0.07568405410885565
1.50 113.470 71.576 0.07582600005824598
1.51 112.035 71.135 0.07207815789164153
1.52 109.542 69.706 0.061137487286360044
1.53 106.436 66.951 0.044521198372161355
1.54 102.848 62.632 0.02708029014485901
1.55 98.208 56.685 0.013654346767417586
1.56 96.376 50.046 0.006358317446182586
1.57 --undefined-- 44.195 0.0032415914073823096
1.58 --undefined-- 48.119 0.0050930087535662645
1.59 --undefined-- 58.866 0.01755230228277743
1.60 --undefined-- 65.290 0.036772240604546196
1.61 109.787 68.758 0.054817850969078166
1.62 106.121 70.632 0.0680213552590789
1.63 103.633 71.549 0.07559560260002633
1.64 101.484 71.642 0.07640459331057178
1.65 99.678 71.107 0.07184348640080182
1.66 97.991 70.191 0.06465517017639581
1.67 96.679 69.349 0.05867971112409783
1.68 96.520 69.083 0.056908161820566114
1.69 96.983 69.118 0.05713755099720201
1.70 96.441 68.900 0.055724133829247714
1.71 95.656 68.445 0.05287576359344605
1.72 94.497 67.943 0.0499063392269834
1.73 93.498 67.410 0.04694008351163667
1.74 93.466 66.989 0.044715854757896016
1.75 92.728 66.567 0.042596701292374715
1.76 91.761 66.055 0.040160544991977055
1.77 91.296 65.722 0.038649812152222664
1.78 90.501 65.510 0.037716863290560114
1.79 89.919 65.297 0.03680237063571942
1.80 91.036 65.070 0.035852126197526764
1.81 90.411 64.527 0.03367871542819116
1.82 89.108 63.706 0.030643207010902604
1.83 88.144 63.088 0.028539403192776532
1.84 85.811 62.840 0.027734257855803246
1.85 85.184 63.348 0.02940447335137562
1.86 86.219 64.296 0.03279807262396171
1.87 85.602 64.420 0.03326921377700831
1.88 84.159 63.595 0.030254807143763877
1.89 82.918 62.249 0.02591191997256072
1.90 81.481 60.622 0.021485043304632866
1.91 81.103 58.890 0.017601414252601272
1.92 80.575 57.180 0.014455108189478824
1.93 80.291 55.001 0.011247886357550618
1.94 81.026 51.708 0.007698960613447208
1.95 --undefined-- 47.407 0.004692011682401029
1.96 --undefined-- 43.859 0.0031187619121898465
1.97 --undefined-- 42.282 0.002601074759499464
1.98 --undefined-- 41.927 0.002496847598943896
1.99 --undefined-- 41.219 0.0023012566662049053
2.00 --undefined-- 40.291 0.0020680487295208546
2.01 --undefined-- 39.280 0.0018408654707429777
2.02 --undefined-- 38.845 0.0017509157146281028
2.03 --undefined-- 39.469 0.0018813146494206442
2.04 --undefined-- 38.658 0.0017137766691815114
2.05 --undefined-- 37.220 0.0014522744417773215
2.06 --undefined-- 37.445 0.0014903201395432585
2.07 --undefined-- 36.911 0.0014015166028286648
2.08 --undefined-- 35.278 0.001161280135786982
2.09 --undefined-- 35.255 0.0011581846037703892
2.10 --undefined-- 36.052 0.0012695251838301972
2.11 --undefined-- 36.140 0.0012823951263849468
2.12 --undefined-- 36.401 0.0013215163185217177
2.13 --undefined-- 36.649 0.0013598522146481438
2.14 --undefined-- 36.335 0.0013115165556078097
2.15 --undefined-- 34.695 0.0010858731544194848
2.16 --undefined-- 33.086 0.0009022731638171979
2.17 --undefined-- 32.996 0.0008929158957450857
2.18 --undefined-- 32.157 0.0008107409775127008
2.19 --undefined-- 30.661 0.0006825018084715435
2.20 --undefined-- 30.697 0.0006852790906739948
2.21 --undefined-- 32.345 0.000828493806427247
2.22 --undefined-- 33.726 0.0009713030571794636
2.23 --undefined-- 33.446 0.0009404879777494088
2.24 --undefined-- 31.992 0.0007954798332133771
2.25 --undefined-- 31.300 0.000734595586491971
2.26 --undefined-- 32.316 0.0008256700210774943
2.27 --undefined-- 33.960 0.0009977679839364621
2.28 --undefined-- 33.607 0.0009579812183043558
2.29 --undefined-- 31.728 0.0007716790135730157
2.30 --undefined-- 31.109 0.0007185562738892664
2.31 --undefined-- 30.962 0.0007065102801410881
2.32 --undefined-- 31.235 0.0007290672260555892
2.33 --undefined-- 31.380 0.0007413456499508558
2.34 --undefined-- 31.357 0.0007394178896777521
2.35 --undefined-- 32.241 0.0008186580062577968
2.36 --undefined-- 32.793 0.000872320224726374
2.37 --undefined-- 35.419 0.0011802132093563958
2.38 --undefined-- 38.968 0.0017759117903970944
2.39 --undefined-- 41.046 0.00225593309397173
2.40 --undefined-- 43.889 0.0031295580576616087
2.41 --undefined-- 47.863 0.0049453958367032935
2.42 --undefined-- 49.771 0.006160068034173523
2.43 --undefined-- 49.953 0.006290419257550854
2.44 --undefined-- 49.818 0.006193420109582207
2.45 --undefined-- 52.443 0.008378348820103862
2.46 --undefined-- 60.663 0.02158648994953284
2.47 --undefined-- 66.750 0.0435037883194634
2.48 109.676 69.532 0.05992684279752327
2.49 111.612 70.297 0.06544335215945406
2.50 111.778 70.692 0.06849219393189598
2.51 110.871 71.129 0.07202372098575285
2.52 110.054 71.415 0.07443208158887783
2.53 109.535 71.645 0.07643160915792878
2.54 109.414 71.859 0.07833996313155492
2.55 109.857 71.928 0.07896800640889311
2.56 110.688 72.023 0.07982795762466256
2.57 111.189 72.475 0.08409345047222579
2.58 112.970 73.369 0.09321198014587936
2.59 112.215 74.457 0.10564998648233696
2.60 111.729 75.256 0.11582840856355314
2.61 111.823 75.536 0.11962274021564841
2.62 112.180 75.418 0.1180105695493022
2.63 112.789 75.163 0.11459283504261888
2.64 113.248 74.981 0.11221624951512828
2.65 113.305 74.866 0.11074179335149041
2.66 114.215 74.716 0.1088448172124652
2.67 115.453 74.556 0.10686619910424551
2.68 116.169 74.430 0.10532022644418117
2.69 116.839 74.348 0.10433300128607266
2.70 116.798 74.246 0.10311319172438209
2.71 116.903 74.067 0.1010157981415272
2.72 117.384 73.890 0.0989710608698898
2.73 117.832 73.640 0.09616479496566241
2.74 117.987 73.450 0.0940891294747523
2.75 118.320 73.713 0.09697682859422568
2.76 121.225 74.325 0.10405499145410006
2.77 122.469 75.000 0.11246463846745687
2.78 122.990 75.585 0.12029952834764085
2.79 123.360 75.984 0.12596566764789394
2.80 123.761 76.229 0.12956303866142962
2.81 124.087 76.343 0.13126684976667358
2.82 124.899 76.376 0.1317755144610072
2.83 126.754 76.302 0.13065881280028302
2.84 127.317 75.853 0.12406711372026301
2.85 124.980 75.137 0.11425581495193958
2.86 124.886 74.724 0.10895049172283836
2.87 124.420 74.588 0.10725435028508992
2.88 123.953 74.533 0.10658079663101608
2.89 123.792 74.522 0.10644541499492934
2.90 123.420 74.550 0.10678682553196023
2.91 123.425 74.643 0.1079413633246032
2.92 123.067 74.680 0.10839713115299957
2.93 122.358 74.596 0.10735783065261144
2.94 122.380 74.535 0.10660075695969352
2.95 122.691 74.519 0.10640905823886432
2.96 122.728 74.495 0.10612170903742703
2.97 121.819 74.654 0.10807497601380614
2.98 122.826 75.187 0.11491357925874808
2.99 123.739 75.619 0.12077447518512595
3.00 122.832 75.616 0.1207282010998233
3.01 121.687 75.343 0.11699506067873698
3.02 120.540 75.037 0.11295227638386535
3.03 119.803 74.837 0.11037111196084859
3.04 119.237 74.702 0.10867319192775192
3.05 118.392 74.576 0.10710721259180352
3.06 117.846 74.486 0.10600020133520535
3.07 116.825 74.451 0.10558383454705234
3.08 114.629 74.484 0.10597776016803091
3.09 113.675 74.416 0.10515898772356118
3.10 113.069 74.241 0.10306148345342532
3.11 112.768 74.060 0.1009315813480528
3.12 112.211 73.900 0.09908553936243975
3.13 111.644 73.864 0.09867689390772845
3.14 111.057 73.842 0.09843518569544259
3.15 110.684 73.783 0.09776339868961055
3.16 110.845 73.767 0.09758338109319172
3.17 111.344 73.852 0.0985406686884795
3.18 111.882 74.018 0.10044879974524708
3.19 112.108 74.055 0.10087319345574343
3.20 112.355 73.924 0.09936247916413252
3.21 112.497 73.727 0.09714085414479691
3.22 112.371 73.424 0.09381045990677396
3.23 111.892 73.007 0.08940439830856115
3.24 111.884 72.631 0.08561800233348198
3.25 112.181 72.501 0.08434805540912706
3.26 112.143 72.380 0.08317948209380338
3.27 110.491 71.626 0.07626920217385989
3.28 108.932 69.560 0.060120674337111775
3.29 100.340 65.806 0.03902428939506678
3.30 96.594 61.044 0.022553093096182707
3.31 96.048 56.719 0.013708379068357387
3.32 92.266 53.722 0.00970753515445634
3.33 89.601 53.074 0.009010272227842021
3.34 --undefined-- 52.381 0.00831930351264281
3.35 --undefined-- 50.737 0.006884441322857252
3.36 --undefined-- 50.311 0.006555319772770731
3.37 --undefined-- 50.494 0.006694600822724819
3.38 --undefined-- 49.636 0.0060648319774563005
3.39 --undefined-- 48.788 0.0055006240508413936
3.40 --undefined-- 49.123 0.005716847539207346
3.41 --undefined-- 49.864 0.006226552416604425
3.42 --undefined-- 51.375 0.007409540232960265
3.43 --undefined-- 57.796 0.015518038033631242
3.44 --undefined-- 64.852 0.034963992733283676
3.45 117.533 68.863 0.05548746057989831
3.46 114.532 70.598 0.06775595268545374
3.47 111.478 71.075 0.0715748375872134
3.48 106.959 70.742 0.06888464606174209
3.49 104.048 70.269 0.06523424978934754
3.50 101.998 70.315 0.06557882247801115
3.51 99.168 70.558 0.0674432670714356
3.52 97.106 70.746 0.06891944279490543
3.53 95.507 70.766 0.06907364459395728
3.54 94.448 70.597 0.06774488116569774
3.55 93.814 70.305 0.06550739907282387
3.56 93.683 70.024 0.06342166838776192
3.57 94.023 69.933 0.06276250172481165
3.58 94.831 69.990 0.06317269483044724
3.59 95.475 69.877 0.06235830853930812
3.60 95.456 69.654 0.060774620855905126
3.61 95.568 69.576 0.06023225029532307
3.62 95.705 69.632 0.06061969060125881
3.63 95.804 69.747 0.06143086948014123
3.64 96.222 69.769 0.0615884620764976
3.65 97.350 69.771 0.061601656077489
3.66 99.056 70.351 0.065850852090609
3.67 100.396 71.602 0.07605934988564975
3.68 101.674 72.656 0.08587117175696078
3.69 103.423 73.213 0.0915522478764667
3.70 104.807 73.342 0.09292476985118833
3.71 105.866 73.009 0.08942586168145447
3.72 106.301 72.312 0.08253678666474568
3.73 107.763 71.705 0.07696427716484139
3.74 109.377 71.469 0.07489546819367732
3.75 110.387 71.517 0.0753172444419667
3.76 111.047 71.616 0.07617688180366675
3.77 111.134 71.636 0.07635332468420869
3.78 111.263 71.637 0.07636432807087457
3.79 111.869 71.814 0.07793885601161606
3.80 110.935 72.306 0.082478383821579
3.81 109.135 72.796 0.08726577607818202
3.82 108.425 72.916 0.08847517031332963
3.83 107.732 72.671 0.08601870347777679
3.84 107.206 72.155 0.08105781715430643
3.85 106.567 71.403 0.07433524189314286
3.86 107.826 70.775 0.06914901205342224
3.87 108.946 70.617 0.06790513311814243
3.88 109.379 70.654 0.06818803743870208
3.89 110.094 70.793 0.06928913115187704
3.90 110.280 70.967 0.07069066548775091
3.91 109.425 71.024 0.07116133987704594
3.92 108.501 70.952 0.07056766993331877
3.93 107.653 70.715 0.06867317698971168
3.94 105.818 70.079 0.06382542341838017
3.95 103.167 68.425 0.05275777969687755
3.96 96.484 65.368 0.03710356480181343
3.97 91.394 61.545 0.023892718122507095
3.98 86.871 57.390 0.014809467421405872
3.99 91.801 54.085 0.010122167830622439
4.00 94.084 54.860 0.0110665654243644
4.01 102.954 57.483 0.014969007375537646
4.02 103.807 59.755 0.019443729208596248
4.03 103.876 62.143 0.02559628063796509
4.04 105.415 64.100 0.03206566216402684
4.05 107.388 65.559 0.037927631799398606
4.06 110.590 67.567 0.04779581818317951
4.07 111.908 70.101 0.06398579561767305
4.08 110.451 71.923 0.07892303889395752
4.09 109.732 72.663 0.08593947437090356
4.10 109.218 72.852 0.08782476705820337
4.11 108.514 72.874 0.0880525849125128
4.12 107.450 72.819 0.08749484239007999
4.13 106.456 72.779 0.08709040578416707
4.14 105.449 72.819 0.08749262725394962
4.15 104.405 72.869 0.08799893517166764
4.16 103.700 72.904 0.08835683292923405
4.17 103.120 72.942 0.08873769607027336
4.18 101.976 72.877 0.0880780358421331
4.19 100.865 72.604 0.08535393730163152
4.20 99.639 72.060 0.08017718174880884
4.21 98.359 71.350 0.07387791473096773
4.22 97.657 70.836 0.06963280009218649
4.23 97.406 70.617 0.06790396314387381
4.24 97.134 70.403 0.0662508498121808
4.25 97.061 70.188 0.06462582946709733
4.26 96.421 69.818 0.06193400228678689
4.27 94.862 68.974 0.056198232553894535
4.28 90.637 67.766 0.04890509560908546
4.29 90.160 66.674 0.04312328663059631
4.30 89.219 65.615 0.03817457661379973
4.31 87.680 64.086 0.03201368428663246
4.32 85.803 61.788 0.0245700501891275
4.33 84.260 58.691 0.017201538928418792
4.34 83.957 54.819 0.011014877933001063
4.35 84.353 50.479 0.006683168578383406
4.36 --undefined-- 47.163 0.004562358146267352
4.37 --undefined-- 44.512 0.0033621419282297764
4.38 --undefined-- 41.581 0.0023993049937957017
4.39 --undefined-- 39.935 0.0019850287486069115
4.40 --undefined-- 39.774 0.0019486468392763369
4.41 --undefined-- 40.775 0.002186661917341419
4.42 --undefined-- 42.934 0.002803546746889881
4.43 --undefined-- 44.530 0.0033690515551925834
4.44 --undefined-- 44.621 0.0034046732102607133
4.45 --undefined-- 42.694 0.002727415610728207
4.46 --undefined-- 39.451 0.0018774172549159648
4.47 --undefined-- 36.772 0.0013792868716955109
4.48 --undefined-- 34.812 0.0011006192172081598
4.49 --undefined-- 33.117 0.0009054611483838592
4.50 --undefined-- 32.140 0.00080916321516905435
4.51 --undefined-- 31.453 0.0007476127390485834
4.52 --undefined-- 31.180 0.0007244518190827787
4.53 --undefined-- 31.345 0.0007383973531074629
4.54 --undefined-- 31.467 0.0007488503799226393
4.55 --undefined-- 31.082 0.0007163820816865886
4.56 --undefined-- 30.026 0.0006343749917198921
4.57 --undefined-- 29.907 0.0006257545510302357
4.58 --undefined-- 30.727 0.0006876848250224475
4.59 --undefined-- 30.602 0.0006778271980423576
4.60 --undefined-- 29.605 0.0006043120944269636
4.61 --undefined-- 30.077 0.0006381190866499764
4.62 --undefined-- 31.016 0.0007109548946692662
4.63 --undefined-- 30.114 0.0006407972714306591
4.64 --undefined-- 28.742 0.0005471999189998348
4.65 --undefined-- 29.381 0.0005889692478306607
4.66 --undefined-- 30.390 0.0006615291116131513
4.67 --undefined-- 30.697 0.0006852968719883824
4.68 --undefined-- 31.570 0.0007577952220815181
4.69 --undefined-- 31.862 0.0007836849056770675
4.70 --undefined-- 30.621 0.000679359141975902
4.71 --undefined-- 29.586 0.0006029952185418796
4.72 --undefined-- 29.690 0.0006102870898489617
4.73 --undefined-- 30.027 0.0006344285255883049
4.74 --undefined-- 30.083 0.000638508174496234
4.75 --undefined-- 30.013 0.000633381430833225
4.76 --undefined-- 30.716 0.0006867782464754579
4.77 --undefined-- --undefined-- --undefined--
4.78 --undefined-- --undefined-- --undefined--
4.79 --undefined-- --undefined-- --undefined--
4.80 --undefined-- --undefined-- --undefined--
