Here are the results for Channel 1 (nasal)					Here are the results for Channel 2 (oral)						"""""nasalance"""" as per Praat"
time	pitch(Hz)	Amplitude(dB)	RMSqIntensity(Pa)		time	pitch(Hz)	Amplitude(dB)	RMSqIntensity(Pa)			N / (N + O )
0.01	--undefined--	--undefined--	--undefined--		0.01	--undefined--	--undefined--	--undefined--			#VALUE!
0.02	--undefined--	--undefined--	--undefined--		0.02	--undefined--	--undefined--	--undefined--			#VALUE!
0.03	--undefined--	--undefined--	--undefined--		0.03	--undefined--	--undefined--	--undefined--			#VALUE!
0.04	--undefined--	--undefined--	--undefined--		0.04	--undefined--	--undefined--	--undefined--			#VALUE!
0.05	--undefined--	-0.065	1.99E-05		0.05	--undefined--	4.266	3.27E-05			0.377859723
0.06	--undefined--	-1.194	1.74E-05		0.06	--undefined--	2.56	2.69E-05			0.393597203
0.07	--undefined--	-4.62	1.18E-05		0.07	--undefined--	-2.194	1.55E-05			0.43063199
0.08	--undefined--	-8.612	7.42E-06		0.08	--undefined--	-7.177	8.75E-06			0.458779926
0.09	--undefined--	-11.387	5.39E-06		0.09	--undefined--	-9.625	6.60E-06			0.44946778
0.1	--undefined--	-10.09	6.26E-06		0.1	--undefined--	-6.839	9.10E-06			0.40749828
0.11	--undefined--	-4.325	1.22E-05		0.11	--undefined--	0.48	2.11E-05			0.365116373
0.12	--undefined--	2.831	2.77E-05		0.12	--undefined--	5.314	3.69E-05			0.429005409
0.13	--undefined--	15.421	0.000118048		0.13	--undefined--	8.422	5.27E-05			0.691209496
0.14	--undefined--	28.889	0.00055649		0.14	--undefined--	16.797	0.000138316			0.800928856
0.15	297.119	37.261	0.001459133		0.15	--undefined--	25.289	0.000367699			0.798723217
0.16	278.386	41.225	0.002302963		0.16	249.463	30.49	0.000669171			0.774851771
0.17	253.148	41.92	0.002494668		0.17	242.216	33.028	0.000896207			0.735700482
0.18	241.225	41.28	0.002317601		0.18	241.092	34.032	0.001006113			0.697292413
0.19	240.225	41.012	0.002247242		0.19	240.052	34.515	0.0010636			0.67875246
0.2	238.789	40.933	0.00222684		0.2	238.826	34.846	0.001104959			0.668359584
0.21	238.183	40.939	0.002228281		0.21	238.269	35.046	0.001130671			0.663385756
0.22	236.913	41.063	0.002260289		0.22	237.075	35.118	0.001140016			0.664731355
0.23	236.615	41.29	0.002320342		0.23	236.599	35.098	0.001137507			0.671036229
0.24	236.553	41.532	0.002385656		0.24	236.54	34.987	0.001122955			0.679943224
0.25	236.157	41.73	0.002440852		0.25	236.317	34.742	0.00109179			0.690942344
0.26	235.52	41.987	0.002514015		0.26	235.84	34.278	0.001035033			0.708363206
0.27	235.402	42.447	0.002650832		0.27	235.734	33.547	0.000951403			0.735885402
0.28	236.222	43.081	0.002851615		0.28	236.315	32.627	0.000855839			0.769157287
0.29	236.924	43.621	0.003034566		0.29	236.953	31.64	0.000763914			0.798889499
0.3	237.068	43.928	0.003143725		0.3	237.306	30.647	0.000681354			0.821871955
0.31	237.196	44.078	0.003198329		0.31	237.353	29.702	0.000611099			0.839582402
0.32	237.533	44.204	0.003245104		0.32	237.695	28.839	0.00055332			0.85432897
0.33	237.76	44.448	0.003337482		0.33	238.234	27.89	0.000496052			0.870601837
0.34	238.584	44.972	0.003545152		0.34	239.553	26.506	0.000422989			0.893403717
0.35	239.655	45.801	0.003899952		0.35	242.375	24.418	0.000332607			0.921417134
0.36	240.349	46.622	0.004286767		0.36	244.233	21.829	0.000246876			0.94554586
0.37	240.239	47.099	0.004529011		0.37	241.782	19.903	0.000197782			0.958157331
0.38	240.384	47.265	0.004615922		0.38	240.335	19.294	0.000184392			0.961587572
0.39	241.685	47.334	0.004652774		0.39	241.29	19.286	0.000184228			0.961912871
0.4	243.108	47.298	0.004633949		0.4	242.527	19.307	0.000184663			0.961677094
0.41	243.905	47.046	0.004501381		0.41	243.192	19.164	0.000181652			0.961210541
0.42	244.673	46.578	0.004264906		0.42	243.849	18.872	0.000175641			0.960446133
0.43	244.71	45.904	0.003946845		0.43	243.863	18.34	0.000165199			0.95982547
0.44	245.586	44.964	0.003541965		0.44	244.162	17.283	0.000146284			0.960337706
0.45	251.862	43.766	0.003085531		0.45	--undefined--	15.619	0.00012077			0.962333647
0.46	269.078	42.013	0.002521637		0.46	--undefined--	15.597	0.000120467			0.954404774
0.47	276.679	38.427	0.001668749		0.47	--undefined--	23.343	0.000293902			0.850252559
0.48	279.403	31.842	0.000781843		0.48	--undefined--	33.223	0.000916611			0.460326124
0.49	295.813	25.608	0.000381465		0.49	--undefined--	40.388	0.002091328			0.154264689
0.5	279.184	27.211	0.00045873		0.5	267.693	44.546	0.003375517			0.119640176
0.51	270.625	28.071	0.000506528		0.51	268.442	46.423	0.004189673			0.107859079
0.52	265.793	27.351	0.000466214		0.52	265.226	46.684	0.004317307			0.097462443
0.53	262.401	26.103	0.00040383		0.53	262.106	45.888	0.003939504			0.092976958
0.54	259.723	25.139	0.000361405		0.54	260.078	44.77	0.003463669			0.094483153
0.55	258.213	24.837	0.000349043		0.55	258.778	43.759	0.003083153			0.101696643
0.56	255.512	25.358	0.000370637		0.56	256.656	42.805	0.00276228			0.118304093
0.57	255.056	26.685	0.000431779		0.57	256.094	42.068	0.002537755			0.145402999
0.58	256.107	28.556	0.00053558		0.58	256.392	41.655	0.002419908			0.181215439
0.59	260.947	30.984	0.000708331		0.59	260.382	41.347	0.002335492			0.232710871
0.6	270.388	33.29	0.000923737		0.6	269.271	40.562	0.00213362			0.302135818
0.61	277.427	34.096	0.001013463		0.61	275.314	38.484	0.001679626			0.376320038
0.62	279.434	32.394	0.000833128		0.62	278.806	34.217	0.001027782			0.447699205
0.63	272.841	27.601	0.000479822		0.63	275.152	27.059	0.00045081			0.51558722
0.64	--undefined--	19.46	0.000187938		0.64	--undefined--	16.992	0.000141461			0.570548225
0.65	--undefined--	10.778	6.92E-05		0.65	--undefined--	8.408	5.27E-05			0.567790357
0.66	--undefined--	7.515	4.75E-05		0.66	--undefined--	5.696	3.85E-05			0.552166777
0.67	--undefined--	2.743	2.74E-05		0.67	--undefined--	4.889	3.51E-05			0.438537754
0.68	--undefined--	-4.764	1.16E-05		0.68	--undefined--	4.891	3.51E-05			0.247578093
0.69	--undefined--	-8.711	7.34E-06		0.69	--undefined--	3.877	3.13E-05			0.190107521
0.7	--undefined--	-9.312	6.85E-06		0.7	--undefined--	2.835	2.77E-05			0.198071061
0.71	--undefined--	-9.913	6.39E-06		0.71	--undefined--	2.673	2.72E-05			0.190149971
0.72	--undefined--	-10.627	5.88E-06		0.72	--undefined--	2.243	2.59E-05			0.185165109
0.73	--undefined--	-8.784	7.28E-06		0.73	--undefined--	3.618	3.03E-05			0.193444269
0.74	--undefined--	2.073	2.54E-05		0.74	--undefined--	6.588	4.27E-05			0.372896271
0.75	--undefined--	10.964	7.07E-05		0.75	--undefined--	8.441	5.29E-05			0.572090871
0.76	251.703	15.943	0.00012537		0.76	--undefined--	8.614	5.39E-05			0.69927095
0.77	235.682	17.809	0.00015541		0.77	--undefined--	8.011	5.03E-05			0.75548225
0.78	--undefined--	17.536	0.0001506		0.78	--undefined--	7.344	4.66E-05			0.763758981
0.79	--undefined--	15.944	0.000125374		0.79	--undefined--	6.956	4.45E-05			0.737824579
0.8	--undefined--	13.208	9.15E-05		0.8	--undefined--	7.332	4.65E-05			0.662969026
0.81	--undefined--	11.77	7.75E-05		0.81	--undefined--	10.702	6.86E-05			0.53068666
0.82	--undefined--	22.696	0.000272799		0.82	--undefined--	22.448	0.000265097			0.50715875
0.83	296.293	31.044	0.000713251		0.83	--undefined--	30.98	0.000707999			0.50184783
0.84	279.366	34.757	0.001093618		0.84	--undefined--	35.146	0.001143682			0.48881149
0.85	248.203	34.891	0.001110668		0.85	222.193	35.897	0.001247044			0.471078632
0.86	217.912	33.544	0.000951091		0.86	218.644	34.514	0.001063473			0.472107788
0.87	209.529	33.286	0.000923245		0.87	212.22	32.49	0.000842411			0.522890659
0.88	203.624	33.517	0.000948132		0.88	204.61	30.31	0.000655415			0.591271614
0.89	201.864	33.449	0.000940743		0.89	201.501	27.902	0.000496738			0.65443838
0.9	199.864	33.394	0.000934809		0.9	200.124	25.907	0.000394789			0.703076645
0.91	198.912	33.461	0.000942081		0.91	198.71	24.716	0.000344201			0.73240616
0.92	199.543	33.519	0.000948366		0.92	199.369	23.925	0.000314255			0.751108845
0.93	200.317	33.649	0.000962653		0.93	200.308	23.546	0.000300841			0.761897343
0.94	202.84	34.062	0.001009544		0.94	203.074	23.587	0.000302258			0.769585586
0.95	204.935	35.183	0.001148571		0.95	205.769	23.181	0.000288465			0.799263691
0.96	208.15	37.104	0.001432994		0.96	208.736	21.094	0.000226849			0.863331187
0.97	212.949	38.976	0.001777523		0.97	--undefined--	17.138	0.000143862			0.925125836
0.98	216.923	40.332	0.002077817		0.98	--undefined--	14.314	0.000103925			0.952366109
0.99	220.611	41.36	0.00233894		0.99	--undefined--	14.64	0.000107902			0.955901549
1	223.743	42.233	0.002586183		1	--undefined--	15.484	0.000118916			0.956039994
1.01	226.861	42.932	0.002802946		1.01	226.244	16.107	0.000127758			0.956407128
1.02	228.384	43.33	0.002934533		1.02	227.946	16.688	0.000136599			0.955521562
1.03	229.686	43.465	0.002980535		1.03	229.151	20.52	0.000212344			0.933494543
1.04	231.161	43.444	0.002973094		1.04	236.251	28.917	0.000558324			0.841898071
1.05	240.303	42.887	0.00278847		1.05	238.718	34.658	0.001081224			0.720591831
1.06	244.68	41.001	0.002244179		1.06	237.264	37.277	0.00146174			0.605566144
1.07	240.166	38.688	0.001719512		1.07	239.488	38.063	0.00160015			0.517978087
1.08	245.005	38.492	0.001681298		1.08	244.256	38.233	0.001631874			0.507458677
1.09	250.413	39.611	0.001912427		1.09	249.717	38.226	0.001630519			0.539784454
1.1	256.416	41.073	0.002263015		1.1	256.231	38.168	0.00161967			0.582848045
1.11	262.471	42.649	0.002713108		1.11	262.418	38.031	0.00159428			0.629873212
1.12	268.305	44.096	0.003205056		1.12	268.61	37.626	0.001521654			0.678073382
1.13	273.316	45.116	0.003604519		1.13	274.028	36.732	0.001372898			0.72417465
1.14	279.114	45.272	0.003669522		1.14	279.723	35.013	0.001126367			0.76513906
1.15	284.091	43.787	0.003092893		1.15	285.519	31.962	0.000792752			0.795979304
1.16	281.424	39.931	0.001984152		1.16	287.587	26.97	0.000446208			0.816402333
1.17	274.228	34.629	0.001077676		1.17	--undefined--	19.653	0.000192164			0.848670953
1.18	271.726	31.779	0.000776169		1.18	--undefined--	11.145	7.22E-05			0.914937162
1.19	272.423	28.859	0.000554582		1.19	--undefined--	5.172	3.63E-05			0.938603468
1.2	--undefined--	23.164	0.000287887		1.2	--undefined--	1.247	2.31E-05			0.925754086
1.21	--undefined--	14.044	0.000100752		1.21	--undefined--	0.55	2.13E-05			0.825435589
1.22	--undefined--	0.995	2.24E-05		1.22	--undefined--	3.074	2.85E-05			0.440450478
1.23	--undefined--	-6.668	9.28E-06		1.23	--undefined--	4.295	3.28E-05			0.220607373
1.24	--undefined--	-7.012	8.92E-06		1.24	--undefined--	2.454	2.65E-05			0.251664899
1.25	--undefined--	-8.71	7.34E-06		1.25	--undefined--	-3.324	1.36E-05			0.349754449
1.26	--undefined--	-10.352	6.07E-06		1.26	--undefined--	-10.889	5.71E-06			0.515437403
1.27	--undefined--	-10.887	5.71E-06		1.27	--undefined--	-10.19	6.19E-06			0.479951398
1.28	--undefined--	-9.355	6.81E-06		1.28	--undefined--	-2.569	1.49E-05			0.314064456
1.29	--undefined--	-3.699	1.31E-05		1.29	--undefined--	6.557	4.25E-05			0.234922519
1.3	--undefined--	2.035	2.53E-05		1.3	--undefined--	11.793	7.77E-05			0.245392517
1.31	--undefined--	4.385	3.31E-05		1.31	--undefined--	13.79	9.78E-05			0.252984773
1.32	--undefined--	3.657	3.05E-05		1.32	--undefined--	13.698	9.68E-05			0.23938505
1.33	--undefined--	1.514	2.38E-05		1.33	--undefined--	12.96	8.89E-05			0.211187555
1.34	--undefined--	-0.765	1.83E-05		1.34	--undefined--	12.049	8.01E-05			0.186146457
1.35	--undefined--	-3.211	1.38E-05		1.35	--undefined--	10.834	6.96E-05			0.165608563
1.36	--undefined--	-5.858	1.02E-05		1.36	--undefined--	9.66	6.08E-05			0.143497119
1.37	--undefined--	-8.063	7.90E-06		1.37	--undefined--	8.813	5.52E-05			0.125325365
1.38	--undefined--	-7.435	8.50E-06		1.38	--undefined--	13.02	8.95E-05			0.08666756
1.39	--undefined--	0.218	2.05E-05		1.39	--undefined--	23.584	0.000302163			0.063554652
1.4	--undefined--	7.385	4.68E-05		1.4	--undefined--	30.517	0.000671244			0.0651812
1.41	--undefined--	10.552	6.74E-05		1.41	215.14	33.846	0.000984755			0.064052746
1.42	--undefined--	10.482	6.69E-05		1.42	210.22	34.76	0.001093996			0.057590358
1.43	--undefined--	9.312	5.84E-05		1.43	205.981	34.593	0.001073233			0.051631681
1.44	--undefined--	9.262	5.81E-05		1.44	202.839	34.261	0.001032989			0.053244209
1.45	--undefined--	9.41	5.91E-05		1.45	199.771	33.946	0.000996121			0.05600267
1.46	--undefined--	9.125	5.72E-05		1.46	197.798	33.707	0.000969077			0.055721474
1.47	--undefined--	8.598	5.38E-05		1.47	198.778	33.475	0.000943625			0.053956441
1.48	--undefined--	8.02	5.04E-05		1.48	206.028	33.373	0.000932539			0.051232183
1.49	--undefined--	7.568	4.78E-05		1.49	211.838	33.084	0.000902099			0.050322541
1.5	--undefined--	7.097	4.53E-05		1.5	217.13	31.694	0.000768614			0.055628269
1.51	--undefined--	6.254	4.11E-05		1.51	223.873	28.684	0.000543514			0.070283604
1.52	--undefined--	3.982	3.16E-05		1.52	221.564	24.207	0.000324619			0.08879547
1.53	--undefined--	-0.612	1.86E-05		1.53	--undefined--	21.127	0.000227705			0.075663889
1.54	--undefined--	-4.49	1.19E-05		1.54	--undefined--	22.311	0.00026095			0.043707899
1.55	--undefined--	-3.45	1.34E-05		1.55	--undefined--	21.561	0.000239362			0.053177771
1.56	--undefined--	4.562	3.38E-05		1.56	--undefined--	16.957	0.000140892			0.19355604
1.57	--undefined--	11.677	7.67E-05		1.57	--undefined--	10.201	6.47E-05			0.5423832
1.58	--undefined--	14.752	0.000109305		1.58	--undefined--	11.652	7.65E-05			0.588300473
1.59	--undefined--	14.068	0.000101027		1.59	--undefined--	16.824	0.000138752			0.421334833
1.6	--undefined--	10.071	6.38E-05		1.6	--undefined--	18.972	0.000177678			0.264095896
1.61	--undefined--	10.031	6.35E-05		1.61	--undefined--	21.511	0.000238013			0.210525546
1.62	--undefined--	19.23	0.000183028		1.62	--undefined--	29.351	0.000586936			0.237710195
1.63	276.023	24.422	0.000332775		1.63	--undefined--	35.118	0.001140022			0.225947397
1.64	260.724	25.508	0.000377059		1.64	228.482	37.676	0.001530532			0.197662569
1.65	231.802	23.462	0.000297957		1.65	226.281	37.702	0.001535066			0.162549616
1.66	226.115	20.919	0.000222317		1.66	225.346	36.305	0.00130704			0.145366152
1.67	229.363	20.695	0.000216661		1.67	229.159	35.182	0.001148541			0.158702578
1.68	231.287	21.345	0.000233489		1.68	231.33	35.296	0.001163617			0.167123463
1.69	230.781	21.577	0.00023983		1.69	231.849	36.108	0.001277739			0.158035411
1.7	229.064	21.323	0.000232906		1.7	230.438	36.897	0.001399176			0.142704953
1.71	228.847	20.995	0.000224285		1.71	231.274	36.801	0.001383881			0.139466569
1.72	232.64	20.957	0.000223291		1.72	234.262	35.081	0.001135185			0.164368741
1.73	239.244	20.392	0.000209225		1.73	240.435	31.507	0.0007523			0.217596845
1.74	236.557	17.782	0.000154934		1.74	235.029	26.564	0.000425823			0.266779606
1.75	--undefined--	12.329	8.27E-05		1.75	227.093	20.519	0.000212304			0.280312729
1.76	--undefined--	4.553	3.38E-05		1.76	--undefined--	13.224	9.17E-05			0.269276461
1.77	--undefined--	-2.711	1.46E-05		1.77	--undefined--	9.128	5.72E-05			0.203754839
1.78	--undefined--	-5.815	1.02E-05		1.78	--undefined--	9.65	6.07E-05			0.144247742
1.79	--undefined--	-6.317	9.66E-06		1.79	--undefined--	10.7	6.86E-05			0.123568181
1.8	--undefined--	-6.183	9.81E-06		1.8	--undefined--	11.716	7.71E-05			0.112982385
1.81	--undefined--	-7.21	8.72E-06		1.81	--undefined--	12.101	8.06E-05			0.097681796
1.82	--undefined--	-8.443	7.57E-06		1.82	--undefined--	12.444	8.38E-05			0.08281806
1.83	--undefined--	-6.9	9.04E-06		1.83	--undefined--	13.284	9.23E-05			0.089172514
1.84	--undefined--	-5.782	1.03E-05		1.84	--undefined--	13.927	9.94E-05			0.093719755
1.85	--undefined--	0.589	2.14E-05		1.85	--undefined--	19.428	0.000187253			0.102572775
1.86	--undefined--	10.365	6.60E-05		1.86	--undefined--	28.136	0.000510313			0.114456852
1.87	--undefined--	15.934	0.000125237		1.87	--undefined--	33.661	0.000964013			0.11497543
1.88	259.632	17.421	0.000148623		1.88	232.006	36.06	0.001270594			0.104722101
1.89	--undefined--	15.389	0.000117617		1.89	221.674	36.17	0.001286794			0.083748464
1.9	--undefined--	11.206	7.27E-05		1.9	207.958	34.976	0.001121607			0.06084271
1.91	--undefined--	7.934	4.99E-05		1.91	199.591	33.484	0.000944575			0.05013712
1.92	--undefined--	6.239	4.10E-05		1.92	196.901	32.473	0.000840739			0.046518987
1.93	--undefined--	5.945	3.97E-05		1.93	191.342	32.044	0.000800277			0.047209142
1.94	--undefined--	6.644	4.30E-05		1.94	178.722	31.805	0.000778564			0.052310084
1.95	--undefined--	7.093	4.53E-05		1.95	176.024	31.389	0.000742136			0.057473785
1.96	--undefined--	6.668	4.31E-05		1.96	--undefined--	30.448	0.000665926			0.060781256
1.97	--undefined--	5.631	3.82E-05		1.97	--undefined--	29.65	0.000607468			0.059231782
1.98	--undefined--	5.073	3.59E-05		1.98	--undefined--	29.304	0.00058374			0.057884769
1.99	--undefined--	4.026	3.18E-05		1.99	--undefined--	27.747	0.000487953			0.061169257
2	--undefined--	3.345	2.94E-05		2	--undefined--	26.846	0.00043989			0.062639812
2.01	--undefined--	4.572	3.39E-05		2.01	--undefined--	27.565	0.000477818			0.066165406
2.02	--undefined--	3.892	3.13E-05		2.02	--undefined--	25.703	0.000385619			0.075091521
2.03	--undefined--	-0.562	1.87E-05		2.03	--undefined--	19.575	0.000190449			0.089615142
2.04	--undefined--	-8.644	7.39E-06		2.04	--undefined--	7.912	4.97E-05			0.129428393
2.05	--undefined--	-12.357	4.82E-06		2.05	--undefined--	-7.367	8.56E-06			0.360203194
2.06	--undefined--	-11.609	5.25E-06		2.06	--undefined--	-10.882	5.71E-06			0.479071985
2.07	--undefined--	-11.933	5.06E-06		2.07	--undefined--	-12.512	4.74E-06			0.516659514
2.08	--undefined--	-11.857	5.11E-06		2.08	--undefined--	-13.419	4.27E-06			0.544828506
2.09	--undefined--	-11.835	5.12E-06		2.09	--undefined--	-13.608	4.17E-06			0.55086237
2.1	--undefined--	-11.822	5.13E-06		2.1	--undefined--	-13.043	4.46E-06			0.535083019
2.11	--undefined--	-10.97	5.66E-06		2.11	--undefined--	-11.934	5.06E-06			0.527723307
2.12	--undefined--	-10.118	6.24E-06		2.12	--undefined--	-10.238	6.15E-06			0.503473208
2.13	--undefined--	-10.48	5.98E-06		2.13	--undefined--	-9.452	6.74E-06			0.47045709
2.14	--undefined--	-11.418	5.37E-06		2.14	--undefined--	-10.592	5.91E-06			0.4762404
2.15	--undefined--	-10.891	5.71E-06		2.15	--undefined--	-10.223	6.16E-06			0.480785767
2.16	--undefined--	-9.769	6.50E-06		2.16	--undefined--	-8.26	7.73E-06			0.456692228
2.17	--undefined--	-9.71	6.54E-06		2.17	--undefined--	-8.244	7.74E-06			0.45792308
2.18	--undefined--	-11.457	5.35E-06		2.18	--undefined--	-7.743	8.20E-06			0.394680931
2.19	--undefined--	-10.551	5.94E-06		2.19	--undefined--	-1.141	1.75E-05			0.252867212
2.2	--undefined--	-3.986	1.26E-05		2.2	--undefined--	11.969	7.93E-05			0.137423039
2.21	--undefined--	3.558	3.01E-05		2.21	--undefined--	24.267	0.000326874			0.084387248
2.22	--undefined--	8.772	5.49E-05		2.22	201.269	32.536	0.000846873			0.060889715
2.23	--undefined--	11.533	7.55E-05		2.23	206.277	37.187	0.001446779			0.049567266
2.24	--undefined--	12.938	8.87E-05		2.24	208.359	39.404	0.00186737			0.045348906
2.25	--undefined--	14.081	0.000101175		2.25	213.185	40.744	0.002178973			0.044372167
2.26	--undefined--	15.411	0.000117916		2.26	216.482	42.025	0.002525115			0.044614106
2.27	--undefined--	16.98	0.000141263		2.27	217.151	43.142	0.002871498			0.04688834
2.28	219.622	18.454	0.000167385		2.28	218.029	43.872	0.003123404			0.050864741
2.29	220.528	19.509	0.000189		2.29	219.247	43.917	0.003139661			0.056779598
2.3	221.663	20.436	0.000210305		2.3	220.993	43.15	0.002874173			0.068181824
2.31	225.831	21.689	0.000242916		2.31	224.81	41.735	0.002442273			0.090465136
2.32	229.139	22.797	0.000275974		2.32	228.609	39.983	0.001996092			0.121463966
2.33	230.049	22.805	0.00027623		2.33	230.794	37.916	0.001573352			0.149347185
2.34	224.872	21.269	0.000231471		2.34	230.477	34.884	0.001109797			0.172576465
2.35	226.023	18.461	0.000167534		2.35	232.441	29.941	0.000628206			0.210538668
2.36	--undefined--	14.295	0.000103702		2.36	231.669	22.524	0.000267444			0.27941006
2.37	--undefined--	7.763	4.89E-05		2.37	--undefined--	12.969	8.90E-05			0.354485365
2.38	--undefined--	-1.213	1.74E-05		2.38	--undefined--	5.67	3.84E-05			0.311636039
2.39	--undefined--	-7.914	8.04E-06		2.39	--undefined--	3.794	3.10E-05			0.206219448
2.4	--undefined--	-11.33	5.43E-06		2.4	--undefined--	1.355	2.34E-05			0.188398313
2.41	--undefined--	-11.978	5.04E-06		2.41	--undefined--	-0.437	1.90E-05			0.209374527
2.42	--undefined--	-11.661	5.22E-06		2.42	--undefined--	-1.618	1.66E-05			0.23936184
2.43	--undefined--	-10.637	5.88E-06		2.43	--undefined--	-0.471	1.89E-05			0.236784402
2.44	--undefined--	-5.565	1.05E-05		2.44	--undefined--	5.608	3.81E-05			0.216465116
2.45	--undefined--	-0.486	1.89E-05		2.45	--undefined--	12.107	8.06E-05			0.190023907
2.46	--undefined--	4.108	3.21E-05		2.46	--undefined--	22.743	0.000274278			0.104756478
2.47	--undefined--	12.158	8.11E-05		2.47	--undefined--	32.769	0.00086991			0.085264781
2.48	274.676	17.434	0.000148847		2.48	241.989	38.471	0.001677218			0.081512221
2.49	257.449	18.767	0.000173539		2.49	229.499	40.656	0.00215696			0.074464298
2.5	--undefined--	16.975	0.000141174		2.5	219.498	40.698	0.002167429			0.061151345
2.51	--undefined--	14.313	0.000103917		2.51	214.478	40.294	0.002068875			0.047826427
2.52	--undefined--	13.148	9.09E-05		2.52	212.667	40.133	0.002030787			0.042832221
2.53	--undefined--	12.945	8.88E-05		2.53	210.794	39.95	0.001988479			0.042733458
2.54	--undefined--	12.952	8.88E-05		2.54	210.532	39.671	0.001925745			0.04410091
2.55	--undefined--	13.072	9.01E-05		2.55	211.975	39.491	0.001886095			0.045582899
2.56	--undefined--	13.285	9.23E-05		2.56	210.129	39.477	0.00188314			0.04673043
2.57	--undefined--	13.396	9.35E-05		2.57	208.874	39.467	0.00188101			0.047356296
2.58	--undefined--	13.546	9.51E-05		2.58	207.126	39.259	0.00183641			0.049254836
2.59	--undefined--	13.747	9.74E-05		2.59	205.048	38.42	0.001667365			0.05516846
2.6	--undefined--	14.721	0.000108909		2.6	204.623	36.207	0.001292396			0.077719858
2.61	--undefined--	18.282	0.000164102		2.61	202.882	32.164	0.000811428			0.168218483
2.62	265.742	21.423	0.000235611		2.62	--undefined--	26.685	0.000431821			0.353010861
2.63	275.848	21.577	0.00023983		2.63	--undefined--	20.54	0.000212832			0.529821278
2.64	--undefined--	19.082	0.00017995		2.64	--undefined--	13.33	9.28E-05			0.659782212
2.65	--undefined--	15.335	0.000116897		2.65	--undefined--	6.379	4.17E-05			0.737141377
2.66	--undefined--	9.905	6.26E-05		2.66	--undefined--	3.914	3.14E-05			0.665905121
2.67	--undefined--	2.622	2.70E-05		2.67	--undefined--	2.718	2.73E-05			0.497226028
2.68	--undefined--	-3.393	1.35E-05		2.68	--undefined--	-1.669	1.65E-05			0.450527401
2.69	--undefined--	-8.741	7.31E-06		2.69	--undefined--	-9.253	6.89E-06			0.514711728
2.7	--undefined--	-12.328	4.84E-06		2.7	--undefined--	-12.477	4.76E-06			0.504303771
2.71	--undefined--	-13.367	4.29E-06		2.71	--undefined--	-3.334	1.36E-05			0.239553881
2.72	--undefined--	-6.389	9.58E-06		2.72	--undefined--	8.445	5.29E-05			0.153444351
2.73	--undefined--	0.9	2.22E-05		2.73	--undefined--	18.353	0.000165452			0.118229782
2.74	--undefined--	7.354	4.66E-05		2.74	--undefined--	29.514	0.000598064			0.072340342
2.75	--undefined--	13.169	9.11E-05		2.75	--undefined--	36.829	0.001388264			0.061578179
2.76	--undefined--	15.927	0.000125139		2.76	229.798	40.237	0.002055266			0.057392644
2.77	--undefined--	15.745	0.000122541		2.77	225.633	40.964	0.002234863			0.051981166
2.78	--undefined--	14.907	0.000111266		2.78	224.211	40.393	0.002092641			0.050485633
2.79	--undefined--	17.907	0.000157177		2.79	220.064	38.634	0.001708935			0.084226796
2.8	258.897	22.84	0.000277364		2.8	212.648	34.539	0.001066501			0.206392575
2.81	261.485	24.911	0.000352039		2.81	--undefined--	26.987	0.000447087			0.440529926
2.82	258.52	23.321	0.000293143		2.82	--undefined--	15.078	0.000113478			0.720924516
2.83	--undefined--	18.035	0.000159509		2.83	--undefined--	0.375	2.09E-05			0.884236942
2.84	--undefined--	9.036	5.66E-05		2.84	--undefined--	-9.769	6.49E-06			0.897066477
2.85	--undefined--	-3.268	1.37E-05		2.85	--undefined--	-10.997	5.64E-06			0.708848638
2.86	--undefined--	-4.465	1.20E-05		2.86	--undefined--	-10.151	6.22E-06			0.6580672
2.87	--undefined--	4.869	3.50E-05		2.87	--undefined--	-5.203	1.10E-05			0.761271771
2.88	--undefined--	9.634	6.06E-05		2.88	--undefined--	12.651	8.58E-05			0.414013227
2.89	--undefined--	10.739	6.89E-05		2.89	--undefined--	25.951	0.000396805			0.147873229
2.9	--undefined--	11.67	7.67E-05		2.9	--undefined--	33.456	0.00094151			0.075283437
2.91	--undefined--	13.192	9.13E-05		2.91	--undefined--	36.648	0.001359659			0.062946327
2.92	--undefined--	13	8.93E-05		2.92	--undefined--	36.782	0.001380771			0.060771135
2.93	--undefined--	11.921	7.89E-05		2.93	--undefined--	35.453	0.001184887			0.062433917
2.94	--undefined--	10.823	6.95E-05		2.94	94.033	34.055	0.001008749			0.064486586
2.95	--undefined--	9.697	6.11E-05		2.95	90.132	33.09	0.000902661			0.06337292
2.96	--undefined--	9.1	5.70E-05		2.96	92.207	32.433	0.00083695			0.063781017
2.97	--undefined--	8.941	5.60E-05		2.97	94.937	32.136	0.000808768			0.064742828
2.98	--undefined--	8.639	5.41E-05		2.98	99.008	32.152	0.000810226			0.062561289
2.99	--undefined--	8.958	5.61E-05		2.99	105.44	32.312	0.000825288			0.063643519
3	--undefined--	9.727	6.13E-05		3	110.404	32.197	0.000814443			0.069982077
3.01	--undefined--	10.487	6.69E-05		3.01	226.978	31.242	0.000729704			0.083972341
3.02	--undefined--	10.957	7.06E-05		3.02	228.839	29.172	0.000574928			0.109381118
3.03	--undefined--	10.045	6.36E-05		3.03	221.23	26.586	0.0004269			0.129623994
3.04	--undefined--	6.696	4.32E-05		3.04	206.654	23.695	0.000306034			0.123785083
3.05	--undefined--	1.135	2.28E-05		3.05	--undefined--	19.928	0.00019836			0.103064581
3.06	--undefined--	-2.541	1.49E-05		3.06	--undefined--	15.611	0.000120662			0.110090974
3.07	--undefined--	8.178	5.13E-05		3.07	--undefined--	12.15	8.10E-05			0.387642574
3.08	--undefined--	18.475	0.000167795		3.08	--undefined--	11.772	7.76E-05			0.683890377
3.09	275.864	24.909	0.000351931		3.09	--undefined--	12.719	8.65E-05			0.802716906
3.1	263.402	28.23	0.000515838		3.1	--undefined--	12.401	8.34E-05			0.860843274
3.11	257.624	29.553	0.00060072		3.11	--undefined--	11.311	7.35E-05			0.890924259
3.12	269.486	29.367	0.000587973		3.12	--undefined--	10.844	6.97E-05			0.89401658
3.13	281.042	27.278	0.000462306		3.13	--undefined--	11.244	7.30E-05			0.863650032
3.14	283.103	23.05	0.000284123		3.14	--undefined--	10.598	6.78E-05			0.807454185
3.15	--undefined--	16.989	0.00014141		3.15	--undefined--	7.659	4.83E-05			0.745381813
3.16	--undefined--	9.765	6.16E-05		3.16	--undefined--	2.557	2.68E-05			0.696301191
3.17	--undefined--	1.672	2.42E-05		3.17	--undefined--	-3.509	1.34E-05			0.644858632
3.18	--undefined--	-6.435	9.53E-06		3.18	--undefined--	-8.664	7.38E-06			0.56379482
3.19	--undefined--	-11.356	5.41E-06		3.19	--undefined--	-11.648	5.23E-06			0.508410765
3.2	--undefined--	-11.035	5.61E-06		3.2	--undefined--	-11.367	5.40E-06			0.509560763
3.21	--undefined--	-0.892	1.80E-05		3.21	--undefined--	2.418	2.64E-05			0.405839539
3.22	--undefined--	10.232	6.50E-05		3.22	--undefined--	13.293	9.24E-05			0.412793547
3.23	--undefined--	17.033	0.000142123		3.23	--undefined--	22.543	0.000268015			0.346525347
3.24	275.093	20.676	0.000216189		3.24	--undefined--	31.864	0.00078386			0.216178126
3.25	283.58	22.583	0.000269269		3.25	--undefined--	37.71	0.001536419			0.149122752
3.26	279.55	23.405	0.000296004		3.26	--undefined--	40.262	0.002061347			0.125566276
3.27	105.826	24.032	0.000318155		3.27	106.175	40.807	0.00219474			0.126608849
3.28	104.218	25.086	0.000359196		3.28	105.077	40.253	0.002059086			0.148533499
3.29	102.304	26.058	0.000401711		3.29	103.218	38.644	0.001710831			0.190155416
3.3	100.238	26.595	0.000427327		3.3	99.808	36.32	0.001309338			0.246061775
3.31	100.83	26.906	0.000442908		3.31	100.874	34.154	0.001020336			0.302689259
3.32	99.742	27.298	0.000463372		3.32	99.772	32.489	0.00084236			0.354875405
3.33	99.621	27.449	0.000471482		3.33	99.485	31.137	0.00072092			0.395405168
3.34	101.531	27.386	0.000468095		3.34	202.709	29.946	0.000628555			0.426841193
3.35	103.327	27.525	0.000475635		3.35	206.825	28.953	0.00056064			0.458985
3.36	103.587	28.221	0.00051532		3.36	207.501	27.745	0.000487821			0.513706544
3.37	102.289	29.98	0.000630976		3.37	206.402	25.309	0.000368516			0.631296737
3.38	103.821	31.674	0.000766903		3.38	204.647	20.723	0.000217363			0.77916199
3.39	103.02	32.006	0.000796729		3.39	--undefined--	14.194	0.000102497			0.886016842
3.4	102.444	31.389	0.00074211		3.4	--undefined--	11.202	7.26E-05			0.910851167
3.41	102.252	30.491	0.000669223		3.41	--undefined--	15.867	0.000124273			0.843385042
3.42	104.343	29.176	0.000575192		3.42	--undefined--	20.306	0.000207174			0.735195292
3.43	104.887	28.559	0.000535778		3.43	--undefined--	22.741	0.000274203			0.661470305
3.44	--undefined--	29.483	0.000595925		3.44	--undefined--	24.007	0.000317228			0.652601783
3.45	276.652	29.462	0.000594495		3.45	88.2	24.476	0.000334835			0.639702575
3.46	263.551	28.789	0.000550152		3.46	85.67	24.423	0.000332783			0.623094307
3.47	--undefined--	29.848	0.00062145		3.47	--undefined--	24.541	0.000337339			0.648161641
3.48	81.094	30.425	0.000664175		3.48	--undefined--	23.928	0.00031438			0.678730756
3.49	80.573	29.649	0.000607412		3.49	--undefined--	22.861	0.000278012			0.686012386
3.5	285.448	29.305	0.000583798		3.5	--undefined--	22.667	0.00027188			0.682263404
3.51	290.989	29.015	0.000564625		3.51	--undefined--	22.536	0.000267827			0.678267566
3.52	298.727	28.369	0.000524209		3.52	--undefined--	21.928	0.000249713			0.677340419
3.53	--undefined--	25.839	0.000391704		3.53	--undefined--	18.786	0.000173917			0.692520697
3.54	--undefined--	19.635	0.00019177		3.54	--undefined--	11.38	7.41E-05			0.721194084
3.55	--undefined--	9.519	5.98E-05		3.55	--undefined--	-1.096	1.76E-05			0.77242745
3.56	--undefined--	15.921	0.000125048		3.56	--undefined--	-6.098	9.91E-06			0.926563853
3.57	--undefined--	23.751	0.000308015		3.57	--undefined--	0.03	2.01E-05			0.938832035
3.58	--undefined--	26.541	0.000424681		3.58	--undefined--	2.876	2.78E-05			0.938459549
3.59	--undefined--	24.79	0.000347173		3.59	--undefined--	1.555	2.39E-05			0.93553693
3.6	--undefined--	19.114	0.000180613		3.6	--undefined--	-3.215	1.38E-05			0.928955983
3.61	--undefined--	15.497	0.000119086		3.61	--undefined--	-6.706	9.24E-06			0.927987526
3.62	--undefined--	14.527	0.000106505		3.62	--undefined--	-6.189	9.81E-06			0.915677282
3.63	--undefined--	10.781	6.92E-05		3.63	--undefined--	1.511	2.38E-05			0.744075055
3.64	--undefined--	4.294	3.28E-05		3.64	--undefined--	7.126	4.54E-05			0.419212713
3.65	--undefined--	0.926	2.22E-05		3.65	--undefined--	8.074	5.07E-05			0.305149893
3.66	--undefined--	-0.887	1.81E-05		3.66	--undefined--	4.82	3.48E-05			0.341404774
3.67	--undefined--	-5.43	1.07E-05		3.67	--undefined--	0.978	2.24E-05			0.323474162
3.68	--undefined--	-8.938	7.15E-06		3.68	--undefined--	2.049	2.53E-05			0.220113024
3.69	--undefined--	-8.131	7.84E-06		3.69	--undefined--	4.435	3.33E-05			0.19050235
3.7	--undefined--	-6.906	9.03E-06		3.7	--undefined--	6.701	4.33E-05			0.172714486
3.71	--undefined--	-6.574	9.38E-06		3.71	--undefined--	8.749	5.48E-05			0.146271594
3.72	--undefined--	-5.924	1.01E-05		3.72	--undefined--	11.878	7.85E-05			0.114095271
3.73	--undefined--	-5.21	1.10E-05		3.73	--undefined--	16.76	0.000137736			0.073820233
3.74	--undefined--	-4.979	1.13E-05		3.74	--undefined--	18.82	0.000174595			0.060657006
3.75	--undefined--	-6.263	9.73E-06		3.75	--undefined--	16.794	0.000138266			0.065714805
3.76	--undefined--	-9.145	6.98E-06		3.76	--undefined--	10.456	6.67E-05			0.094779445
3.77	--undefined--	-11.46	5.35E-06		3.77	--undefined--	-0.18	1.96E-05			0.214377552
3.78	--undefined--	-12.212	4.90E-06		3.78	--undefined--	-11.275	5.46E-06			0.473062327
3.79	--undefined--	1.961	2.51E-05		3.79	--undefined--	-2.186	1.55E-05			0.617159545
3.8	--undefined--	15.791	0.000123187		3.8	--undefined--	10.932	7.04E-05			0.636318625
3.81	--undefined--	24.087	0.000320181		3.81	--undefined--	18.282	0.000164105			0.661140118
3.82	--undefined--	29.557	0.00060102		3.82	--undefined--	22.395	0.000263501			0.695205999
3.83	274.875	33.041	0.000897554		3.83	--undefined--	25.516	0.000377413			0.703982338
3.84	238.044	34.502	0.001061987		3.84	230.636	28.12	0.00050937			0.675840604
3.85	227.26	34.828	0.001102669		3.85	227.654	29.761	0.000615286			0.641849558
3.86	223.993	34.961	0.001119645		3.86	224.832	30.264	0.000651981			0.63198705
3.87	221.826	35.181	0.001148402		3.87	222.437	29.949	0.000628762			0.646199193
3.88	219.852	35.614	0.001207035		3.88	220.609	29.096	0.00056992			0.679271794
3.89	217.505	36.439	0.001327305		3.89	218.988	27.419	0.000469892			0.738541919
3.9	215.403	37.859	0.0015631		3.9	218.283	24.29	0.000327754			0.826663681
3.91	215.585	39.162	0.001816138		3.91	--undefined--	19.179	0.00018196			0.908933194
3.92	213.681	39.581	0.001905795		3.92	--undefined--	13.346	9.30E-05			0.953489935
3.93	212.055	39.394	0.001865231		3.93	--undefined--	11.35	7.39E-05			0.961899685
3.94	210.573	39.184	0.001820738		3.94	--undefined--	11.833	7.81E-05			0.958867528
3.95	211.942	39.288	0.001842566		3.95	--undefined--	12.813	8.74E-05			0.954696802
3.96	221.078	39.758	0.001945109		3.96	--undefined--	13.788	9.78E-05			0.952119812
3.97	228.573	39.931	0.001984132		3.97	--undefined--	13.748	9.74E-05			0.95322276
3.98	240.655	38.768	0.001735483		3.98	--undefined--	11.79	7.77E-05			0.957135433
3.99	257.294	35.38	0.001175038		3.99	--undefined--	7.854	4.94E-05			0.959652967
4	--undefined--	30.41	0.000663034		4	--undefined--	5.953	3.97E-05			0.943520241
4.01	--undefined--	29.342	0.000586282		4.01	--undefined--	11.48	7.50E-05			0.886594717
4.02	298.15	28.957	0.000560916		4.02	--undefined--	18.116	0.000160996			0.7769862
4.03	285.427	25.698	0.000385395		4.03	--undefined--	21.227	0.000230341			0.625909639
4.04	278.104	20.431	0.000210173		4.04	--undefined--	20.225	0.00020524			0.505937204
4.05	--undefined--	14.53	0.000106538		4.05	--undefined--	15.621	0.00012081			0.468612241
4.06	--undefined--	11.114	7.19E-05		4.06	--undefined--	12.11	8.06E-05			0.471364093
4.07	--undefined--	11.266	7.32E-05		4.07	--undefined--	13.823	9.82E-05			0.426924064
4.08	--undefined--	11.725	7.71E-05		4.08	--undefined--	15.571	0.000120105			0.391084371
4.09	--undefined--	15.11	0.000113903		4.09	--undefined--	16.109	0.00012779			0.471271158
4.1	--undefined--	23.739	0.000307591		4.1	--undefined--	19.835	0.000196243			0.610500618
4.11	284.101	30.94	0.000704753		4.11	--undefined--	26.117	0.000404442			0.635373507
4.12	283.898	33.96	0.000997749		4.12	--undefined--	29.576	0.000602353			0.623553237
4.13	275.592	33.159	0.000909909		4.13	116.955	30.059	0.000636789			0.588291244
4.14	113.919	30.356	0.000658883		4.14	115.922	28.617	0.000539367			0.549871278
4.15	113.867	29.274	0.000581714		4.15	121.457	26.717	0.000433367			0.573071274
4.16	100.044	29.098	0.00057009		4.16	97.824	25.069	0.000358504			0.613928136
4.17	97.277	28.537	0.000534391		4.17	96.693	23.557	0.00030121			0.639528889
4.18	104.332	27.792	0.000490512		4.18	79.7	21.896	0.000248787			0.66348222
4.19	--undefined--	26.957	0.000445517		4.19	--undefined--	20.052	0.000201192			0.688898909
4.2	--undefined--	27.434	0.000470673		4.2	--undefined--	19.483	0.000188436			0.71410477
4.21	159.262	29.966	0.000629989		4.21	--undefined--	21.102	0.000227054			0.735072576
4.22	161.352	30.851	0.000697596		4.22	--undefined--	21.286	0.000231905			0.750505615
4.23	156.218	29.121	0.000571554		4.23	--undefined--	19.626	0.000191582			0.748954364
4.24	--undefined--	28.677	0.000543086		4.24	--undefined--	20.616	0.000214687			0.716687031
4.25	--undefined--	29.825	0.000619844		4.25	--undefined--	21.252	0.000230998			0.728506918
4.26	--undefined--	29.814	0.000619054		4.26	--undefined--	20.364	0.000208558			0.748000399
4.27	91.286	29.21	0.000577478		4.27	--undefined--	19.318	0.000184889			0.757480646
4.28	98.43	29.099	0.00057014		4.28	--undefined--	18.832	0.00017483			0.765319337
4.29	97.663	30.726	0.000687592		4.29	--undefined--	20.179	0.000204173			0.771045927
4.3	151.292	32.704	0.000863464		4.3	--undefined--	21.967	0.000250818			0.77490623
4.31	153.062	33.102	0.000903894		4.31	--undefined--	22.722	0.00027362			0.76762909
4.32	151.622	33.022	0.000895665		4.32	--undefined--	23.765	0.000308525			0.743790607
4.33	153.127	33.119	0.000905739		4.33	--undefined--	23.052	0.000284207			0.76115965
4.34	292.138	35.686	0.001217155		4.34	--undefined--	18.906	0.000176336			0.873457563
4.35	274.165	39.423	0.001871354		4.35	--undefined--	14.627	0.000107735			0.945563332
4.36	264.455	40.589	0.002140323		4.36	--undefined--	13.447	9.41E-05			0.957906843
4.37	260.55	39.005	0.00178344		4.37	--undefined--	11.201	7.26E-05			0.960871975
4.38	262.22	34.908	0.001112814		4.38	--undefined--	6.839	4.40E-05			0.962003081
4.39	265.867	28.348	0.000522894		4.39	--undefined--	-0.006	2.00E-05			0.963185747
4.4	--undefined--	19.148	0.000181322		4.4	--undefined--	-7.736	8.21E-06			0.95669218
4.41	--undefined--	9.885	6.24E-05		4.41	--undefined--	-10.396	6.04E-06			0.911731145
4.42	--undefined--	9.578	6.02E-05		4.42	--undefined--	-10.75	5.80E-06			0.912161496
4.43	--undefined--	9.678	6.09E-05		4.43	--undefined--	-10.293	6.11E-06			0.908818324
4.44	--undefined--	7.95	5.00E-05		4.44	--undefined--	-10.658	5.86E-06			0.894957875
4.45	--undefined--	6.187	4.08E-05		4.45	--undefined--	-11.759	5.17E-06			0.887566269
4.46	--undefined--	5.438	3.74E-05		4.46	--undefined--	-7.821	8.13E-06			0.821505379
4.47	--undefined--	8.958	5.61E-05		4.47	--undefined--	0.66	2.16E-05			0.722173659
4.48	--undefined--	13.195	9.14E-05		4.48	--undefined--	5.242	3.66E-05			0.71414143
4.49	--undefined--	14.031	0.000100594		4.49	--undefined--	5.325	3.69E-05			0.731517605
4.5	--undefined--	11.661	7.66E-05		4.5	--undefined--	1.377	2.34E-05			0.765678747
4.51	--undefined--	8.427	5.28E-05		4.51	--undefined--	-3.811	1.29E-05			0.803604611
4.52	--undefined--	5.77	3.89E-05		4.52	--undefined--	-6.053	9.96E-06			0.795951241
4.53	--undefined--	3.873	3.12E-05		4.53	--undefined--	-6.62	9.33E-06			0.769953429
4.54	--undefined--	1.816	2.47E-05		4.54	--undefined--	-6.252	9.74E-06			0.71683876
4.55	--undefined--	0.301	2.07E-05		4.55	--undefined--	-2.513	1.50E-05			0.580287463
4.56	--undefined--	2.52	2.67E-05		4.56	--undefined--	3.7	3.06E-05			0.466080422
4.57	--undefined--	4.887	3.51E-05		4.57	--undefined--	7.403	4.69E-05			0.428062619
4.58	--undefined--	5.335	3.70E-05		4.58	--undefined--	8.353	5.23E-05			0.414003558
4.59	--undefined--	4.93	3.53E-05		4.59	--undefined--	8.604	5.39E-05			0.395800793
4.6	--undefined--	--undefined--	--undefined--		4.6	--undefined--	--undefined--	--undefined--			#VALUE!
4.61	--undefined--	--undefined--	--undefined--		4.61	--undefined--	--undefined--	--undefined--			#VALUE!
4.62	--undefined--	--undefined--	--undefined--		4.62	--undefined--	--undefined--	--undefined--			#VALUE!
4.63	--undefined--	--undefined--	--undefined--		4.63	--undefined--	--undefined--	--undefined--		nasalance 	#VALUE!
										all values	0.461606114
										(minus non-numerical)	
